0.10989
0.10989
0.10989
0.10989
0.10989
0.10989
0.10989
0.10989
0.10989
0.10989
0.10989
0.10989
0.10989
0.10989
0.10989
0.10989
0.10989
0.10989
0.10989
0.10989
0.10989
0.10989
0.10989
0.10989
0.10989
0.10989
0.10989
0.10989
0.10989
0.10989
0.10989
0.10989
0.10989
0.10989
0.10989
0.10989
0.10989
0.10989
0.10989
0.10989
0.10989
0.10989
0.10989
0.10989
0.10989
0.10989
0.10989
0.10989
0.10989
0.10989
0.10989
0.10989
0.10989
0.10989
0.10989
0.10989
0.10989
0.10989
0.10989
0.10989
0.10989
0.10989
0.10989
0.10989
0.10989
0.10989
0.10989
0.10989
0.10989
0.10989
0.10989
0.10989
0.10989
0.10989
0.10989
0.10989
0.10989
0.10989
0.10989
0.10989
0.10989
0.10989
0.10989
0.10989
0.10989
0.10989
0.10989
0.10989
0.10989
0.10989
0.10989
0.10989
0.10989
0.10989
0.10989
0.10989
0.10989
0.10989
0.10989
0.10989
0.10989
0.10989
0.10989
0.10989
0.10989
0.10989
0.10989
0.10989
0.10989
0.10989
0.10989
0.10989
0.10989
0.10989
0.10989
0.10989
0.10989
0.10989
0.10989
0.10989
0.10989
0.10989
0.10989
0.10989
0.10989
0.10989
0.10989
0.10989
0.10989
0.10989
0.10989
0.10989
0.10989
0.10989
0.10989
0.10989
0.10989
0.10989
0.10989
0.10989
0.10989
0.10989
0.10989
0.10989
0.10989
0.10989
0.10989
0.10989
0.10989
0.10989
0.10989
0.10989
0.10989
0.10989
0.10989
0.10989
0.10989
0.10989
0.10989
0.10989
0.10989
0.10989
0.10989
0.10989
0.10989
0.10989
0.10989
0.10989
0.10989
0.10989
0.10989
0.10989
0.10989
0.10989
0.10989
0.10989
0.10989
0.10989
0.10989
0.10989
0.10989
0.10989
0.10989
0.10989
0.10989
0.10989
0.10989
0.10989
0.10989
0.10989
0.10989
0.10989
0.10989
0.10989
0.10989
0.10989
0.10989
0.10989
0.10989
0.10989
0.10989
0.10989
0.10989
0.10989
0.10989
0.10989
0.10989
0.10989
0.10989
0.10989
0.10989
0.10989
0.10989
0.10989
0.10989
0.10989
0.10989
0.10989
0.10989
0.10989
0.10989
0.10989
0.10989
0.10989
0.10989
0.10989
0.10989
0.10989
0.10989
0.10989
0.10989
0.10989
0.10989
0.10989
0.10989
0.10989
0.10989
0.10989
0.10989
0.10989
0.10989
0.10989
0.10989
0.10989
0.10989
0.10989
0.10989
0.10989
0.10989
0.10989
0.10989
0.10989
0.10989
0.10989
0.10989
0.10989
0.10989
0.10989
0.10989
0.10989
0.10989
0.10989
0.10989
0.10989
0.10989
0.10989
0.10989
0.10989
0.10989
0.10989
0.10989
0.10989
0.10989
0.10989
0.10989
0.10989
0.10989
0.10989
0.10989
0.10989
0.10989
0.10989
0.10989
0.10989
0.10989
0.10989
0.10989
0.10989
0.10989
0.10989
0.10989
0.10989
0.10989
0.10989
0.10989
0.10989
0.10989
0.10989
0.10989
0.10989
0.10989
0.10989
0.10989
0.10989
0.10989
0.10989
0.10989
0.10989
0.10989
0.10989
0.10989
0.10989
0.10989
0.10989
0.10989
0.10989
0.10989
0.10989
0.10989
0.10989
0.10989
0.10989
0.10989
0.10989
0.10989
0.10989
0.10989
0.10989
0.10989
0.10989
0.10989
0.10989
0.10989
0.10989
0.10989
0.10989
0.10989
0.10989
0.10989
0.10989
0.10989
0.10989
0.10989
0.10989
0.10989
0.10989
0.10989
0.10989
0.10989
0.10989
0.10989
0.10989
0.10989
0.10989
0.10989
0.10989
0.10989
0.10989
0.10989
0.10989
0.10989
0.10989
0.10989
0.10989
0.10989
0.10989
0.10989
0.10989
0.10989
0.10989
0.10989
0.10989
0.10989
0.10989
0.10989
0.10989
0.10989
0.10989
0.10989
0.10989
0.10989
0.10989
0.10989
0.10989
0.10989
0.10989
0.10989
0.10989
0.10989
0.10989
0.10989
0.10989
0.10989
0.10989
0.10989
0.10989
0.10989
0.10989
0.10989
0.10989
0.10989
0.10989
0.10989
0.10989
0.10989
0.10989
0.10989
0.10989
0.10989
0.10989
0.10989
0.10989
0.10989
0.10989
0.10989
0.10989
0.10989
0.10989
0.10989
0.10989
0.10989
0.10989
0.10989
0.10989
0.10989
0.10989
0.10989
0.10989
0.10989
0.10989
0.10989
0.10989
0.10989
0.10989
0.10989
0.10989
0.10989
0.10989
0.10989
0.10989
0.10989
0.10989
0.10989
0.10989
0.10989
0.10989
0.10989
0.10989
0.10989
0.10989
0.10989
0.10989
0.10989
0.10989
0.10989
0.10989
0.10989
0.10989
0.10989
0.10989
0.10989
0.10989
0.10989
0.10989
0.10989
0.10989
0.10989
0.10989
0.10989
0.10989
0.10989
0.10989
0.10989
0.10989
0.10989
0.10989
0.10989
0.10989
0.10989
0.10989
0.10989
0.10989
0.10989
0.10989
0.10989
0.10989
0.10989
0.10989
0.10989
0.10989
0.10989
0.10989
0.10989
0.10989
0.10989
0.10989
0.10989
0.10989
0.10989
0.10989
0.10989
0.10989
0.10989
0.10989
0.10989
0.10989
0.10989
0.10989
0.10989
0.10989
0.10989
0.10989
0.10989
0.10989
0.10989
0.10989
0.10989
0.10989
0.10989
0.10989
0.10989
0.10989
0.10989
0.10989
0.10989
0.10989
0.10989
0.10989
0.10989
0.10989
0.10989
0.10989
0.10989
0.10989
0.10989
0.10989
0.10989
0.10989
0.10989
0.10989
0.10989
0.10989
0.10989
0.10989
0.10989
0.10989
0.10989
0.10989
0.10989
0.10989
0.10989
0.10989
0.10989
0.10989
0.10989
0.10989
0.10989
0.10989
0.10989
0.10989
0.10989
0.10989
0.10989
0.10989
0.10989
0.10989
0.10989
0.10989
0.10989
0.10989
0.10989
0.10989
0.10989
0.10989
0.10989
0.10989
0.10989
0.10989
0.10989
0.10989
0.10989
0.10989
0.10989
0.10989
0.10989
0.10989
0.10989
0.10989
0.10989
0.10989
0.10989
0.10989
0.10989
0.10989
0.10989
0.10989
0.10989
0.10989
0.10989
0.10989
0.12048
2837.9
2887
2912.5
2892.3
2912.1
2921.3
2927.9
2932.3
2858
2858
14.857
2904.8
2878.5
2859.8
2895.9
2909.8
2916.7
2922.6
2927
2927
2927
14.756
2908.9
2874.5
2853.4
2886.9
2902.8
2910.4
2915.2
2915.2
2915.2
2915.2
14.767
2848.6
2907.3
2904.6
2868.4
2888.7
2900.8
2900.8
2900.8
2900.8
2900.8
14.805
2875.2
2905.2
2864.4
2918.6
2869.9
2869.9
2869.9
2869.9
2869.9
2869.9
14.818
2890.5
2912.9
2903.4
2890.9
2890.9
2890.9
2890.9
2890.9
2890.9
2890.9
14.724
14.825
2900.3
2926.7
2926.7
2926.7
2926.7
2926.7
2926.7
2926.7
2926.7
14.727
14.739
2883.8
2883.8
2883.8
2883.8
2883.8
2883.8
2883.8
2883.8
2883.8
14.728
14.686
14.686
14.686
14.686
14.686
14.686
14.686
14.686
14.686
14.686
14.728
0.12048
2818.6
2852.2
2907.7
2889.5
2910.9
2920.2
2927.1
2931.8
2857.3
2857.3
594.59
2903.3
2864.8
2855.8
2894
2908.8
2915.8
2922
2926.5
2926.5
2926.5
595.22
2902
2860.4
2929
2884.9
2901.3
2909.7
2914.7
2914.7
2914.7
2914.7
14.548
2857.5
2885.6
2900.2
2865.5
2887.7
2899.9
2899.9
2899.9
2899.9
2899.9
14.65
2886.9
2889.9
2857
2915.7
2868.2
2868.2
2868.2
2868.2
2868.2
2868.2
14.73
2847.4
2907.6
2893.6
2887.5
2887.5
2887.5
2887.5
2887.5
2887.5
2887.5
14.765
14.789
2891.6
2918.1
2918.1
2918.1
2918.1
2918.1
2918.1
2918.1
2918.1
14.684
14.732
2870.9
2870.9
2870.9
2870.9
2870.9
2870.9
2870.9
2870.9
2870.9
14.696
14.678
14.678
14.678
14.678
14.678
14.678
14.678
14.678
14.678
14.678
14.704
50.661
655.83
2896.2
2894.7
2880.9
2907.3
2917.3
2925.1
2930.4
2855.2
2855.2
593.17
593.41
2904.5
2923
2887.4
2905.9
2913.7
2920.1
2925.1
2925.1
2925.1
587.1
599.44
2880.5
2913.8
2877.5
2897.5
2907
2912.9
2912.9
2912.9
2912.9
590.91
475.51
2904.6
2886.7
2856.9
2882.9
2897.4
2897.4
2897.4
2897.4
2897.4
636.83
195.95
2910.4
2923.6
2907.2
2864
2864
2864
2864
2864
2864
644.59
184.35
2908.5
2862.6
2873.6
2873.6
2873.6
2873.6
2873.6
2873.6
2873.6
14.653
14.668
2888.1
2893.1
2893.1
2893.1
2893.1
2893.1
2893.1
2893.1
2893.1
14.619
14.721
2899.4
2899.4
2899.4
2899.4
2899.4
2899.4
2899.4
2899.4
2899.4
14.683
14.649
14.649
14.649
14.649
14.649
14.649
14.649
14.649
14.649
14.649
14.72
52.823
657.25
431.7
2907.7
2861.8
2900
2912.8
2921.2
2927.5
2931.6
2931.6
596.6
598.73
524.04
2885.6
2872.6
2898.6
2909.5
2916.5
2922.5
2922.5
2922.5
598.97
601.04
398.69
2875.5
2863.1
2890.5
2902.6
2909.7
2909.7
2909.7
2909.7
601.61
597.25
230.88
2924.7
2918.7
2874.1
2893.8
2893.8
2893.8
2893.8
2893.8
594.91
604.14
217.72
2869.3
2892.3
2852.9
2852.9
2852.9
2852.9
2852.9
2852.9
595.81
635.86
332.64
2903
2852.4
2852.4
2852.4
2852.4
2852.4
2852.4
2852.4
642.8
637.45
2906.8
2911.7
2911.7
2911.7
2911.7
2911.7
2911.7
2911.7
2911.7
636.9
638.5
2861.4
2861.4
2861.4
2861.4
2861.4
2861.4
2861.4
2861.4
2861.4
639.1
15.241
15.241
15.241
15.241
15.241
15.241
15.241
15.241
15.241
15.241
14.658
702.66
598.29
648.87
205.65
2891.6
2883
2905.1
2914.9
2922.8
2928.5
2928.5
606.31
615.06
607.79
297.24
2919.9
2885.4
2902.7
2911.1
2917.7
2917.7
2917.7
595.23
597.3
612.15
219.1
2913.1
2876.9
2897
2905.2
2905.2
2905.2
2905.2
598.27
613.34
608.66
257.74
2887.7
2861
2884
2884
2884
2884
2884
612.27
607.76
627.76
2860.3
2856.4
2917.1
2917.1
2917.1
2917.1
2917.1
2917.1
605.33
598.59
687.23
2883
2894.8
2894.8
2894.8
2894.8
2894.8
2894.8
2894.8
594.04
601.87
480.58
2918.2
2918.2
2918.2
2918.2
2918.2
2918.2
2918.2
2918.2
610.76
614.32
433.77
433.77
433.77
433.77
433.77
433.77
433.77
433.77
433.77
627.68
631.77
631.77
631.77
631.77
631.77
631.77
631.77
631.77
631.77
631.77
628.66
704.23
599.91
648.63
524.16
223.59
2921.3
2891.5
2906.8
2915.7
2922.8
2922.8
625.92
602.15
600.3
666.02
210.86
2856.8
2891.9
2904.5
2911.9
2911.9
2911.9
586.91
604.73
603.92
671.45
2896.9
2850.1
2884.5
2900
2900
2900
2900
605.52
604.98
601.84
645.65
2889.1
2915.8
2873.5
2873.5
2873.5
2873.5
2873.5
603.97
601.63
614.34
473.98
2899.6
2890.9
2890.9
2890.9
2890.9
2890.9
2890.9
616.85
613.27
607.19
423.13
2869.5
2869.5
2869.5
2869.5
2869.5
2869.5
2869.5
610.73
605.53
595.26
205.4
205.4
205.4
205.4
205.4
205.4
205.4
205.4
602.21
594.59
599.74
599.74
599.74
599.74
599.74
599.74
599.74
599.74
599.74
610.67
597.71
597.71
597.71
597.71
597.71
597.71
597.71
597.71
597.71
597.71
598.21
0.13254
8535.9
8477.2
8475.9
8509.4
8521.8
8527.9
8531.8
8534.7
8536.7
8536.7
909.81
8516.7
8467.1
8499.9
8515.3
8521.1
8525.5
8529
8531.3
8531.3
8531.3
1146.7
8509.7
8533.4
8492.9
8509.6
8517.3
8521.3
8524.5
8524.5
8524.5
8524.5
1178.5
8478
8517.7
8477.6
8493.8
8509.3
8515.8
8515.8
8515.8
8515.8
8515.8
1186.7
8503.8
8489.6
8529.3
8486.2
8494.2
8494.2
8494.2
8494.2
8494.2
8494.2
1191.1
8474.5
8523.2
8518.4
8464.1
8464.1
8464.1
8464.1
8464.1
8464.1
8464.1
1190.7
8498.7
8499.7
8497.8
8497.8
8497.8
8497.8
8497.8
8497.8
8497.8
8497.8
1191.4
8479
8476.7
8476.7
8476.7
8476.7
8476.7
8476.7
8476.7
8476.7
8476.7
1191.7
8539.9
8539.9
8539.9
8539.9
8539.9
8539.9
8539.9
8539.9
8539.9
8539.9
1192
0.13254
8513
8466.8
8478.2
8509.4
8521.1
8527.4
8531.8
8534.3
8536.2
8536.2
2148.1
8494.3
8542
8497.3
8514.7
8520.7
8525.2
8528.6
8531
8531
8531
2140.8
8494.6
8528
8491
8507
8516.7
8521.2
8524.4
8524.4
8524.4
8524.4
2035.4
8457.1
8511.7
8470.9
8493.9
8508.1
8515.3
8515.3
8515.3
8515.3
8515.3
1648.5
8496.1
8484.3
8527
8484.8
8494.3
8494.3
8494.3
8494.3
8494.3
8494.3
1664.5
8520
8518.2
8517.6
8463
8463
8463
8463
8463
8463
8463
1569.8
8480.8
8496.8
8495.6
8495.6
8495.6
8495.6
8495.6
8495.6
8495.6
8495.6
1588.6
8534.8
8473.9
8473.9
8473.9
8473.9
8473.9
8473.9
8473.9
8473.9
8473.9
1202
8540.1
8540.1
8540.1
8540.1
8540.1
8540.1
8540.1
8540.1
8540.1
8540.1
1237.6
2166.7
2159.6
8517.2
8546.9
8505
8519.8
8526.1
8530.7
8533.7
8535.5
8535.5
2157.8
2159.8
8518.4
8485.1
8507.5
8519.4
8524
8527.5
8530.3
8530.3
8530.3
2154.1
2160.5
8513.7
8477.6
8499.3
8513.7
8520.2
8523.6
8523.6
8523.6
8523.6
2150.4
8544.2
8493.9
8536
8490.7
8504.6
8512.8
8512.8
8512.8
8512.8
8512.8
2145.8
8507.7
8457.1
8522.7
8474.6
8493.4
8493.4
8493.4
8493.4
8493.4
8493.4
2145.6
8481.9
8505.1
8509.5
8455.3
8455.3
8455.3
8455.3
8455.3
8455.3
8455.3
2032.1
8532.6
8485.3
8489.6
8489.6
8489.6
8489.6
8489.6
8489.6
8489.6
8489.6
1654.9
8536.8
8455.4
8455.4
8455.4
8455.4
8455.4
8455.4
8455.4
8455.4
8455.4
1647.7
8522.3
8522.3
8522.3
8522.3
8522.3
8522.3
8522.3
8522.3
8522.3
8522.3
1680.5
2170.3
2157.9
2153.5
8527.2
8494.1
8517
8524.1
8528.9
8532
8534.3
8534.3
2156.3
2160.4
8544.2
8538.6
8499.1
8514.7
8522.2
8525.9
8528.9
8528.9
8528.9
2157.3
2157.7
8499.6
8531.7
8488.6
8505.3
8517.8
8522
8522
8522
8522
2157.6
2157.9
8507.6
8524.6
8481.2
8496.6
8509.8
8509.8
8509.8
8509.8
8509.8
2141.8
2157.6
8496.5
8513.8
8539
8485
8485
8485
8485
8485
8485
2135.8
2158.1
8476.8
8495.7
8526
8526
8526
8526
8526
8526
8526
2149.9
2154.3
8521.2
8472.2
8472.2
8472.2
8472.2
8472.2
8472.2
8472.2
8472.2
2149.1
8534.7
8500.5
8500.5
8500.5
8500.5
8500.5
8500.5
8500.5
8500.5
8500.5
2136.7
8550.3
8550.3
8550.3
8550.3
8550.3
8550.3
8550.3
8550.3
8550.3
8550.3
2032.9
2166.4
2155.1
2156.6
8551.6
8466.7
8504.2
8520.4
8526
8530.2
8532.5
8532.5
2160.2
2155.2
2160.4
8472.9
8471.4
8503
8517.8
8523.7
8526.9
8526.9
8526.9
2159.5
2160.1
2158.8
8495.1
8545.4
8494.5
8511.6
8519.7
8519.7
8519.7
8519.7
2155.2
2156
2159.2
8493.2
8462.7
8488
8504.1
8504.1
8504.1
8504.1
8504.1
2142.4
2158.2
2153.1
8486.9
8526
8471
8471
8471
8471
8471
8471
2153.2
2148.6
8505.3
8454.2
8520.3
8520.3
8520.3
8520.3
8520.3
8520.3
8520.3
2153.2
2156.7
8495.7
8518.5
8518.5
8518.5
8518.5
8518.5
8518.5
8518.5
8518.5
2140.1
2151.8
8535.3
8535.3
8535.3
8535.3
8535.3
8535.3
8535.3
8535.3
8535.3
2150.7
2155.6
2155.6
2155.6
2155.6
2155.6
2155.6
2155.6
2155.6
2155.6
2155.6
2143.4
2170.2
2159.8
2159.5
2156.6
8480
8480.5
8508.7
8521.6
8526.9
8530.1
8530.1
2160.5
2155.8
2154.7
2158.4
8519
8483.9
8508.5
8519
8524.6
8524.6
8524.6
2160.5
2151
2160.2
2158.8
8525
8479.8
8502.8
8513.8
8513.8
8513.8
8513.8
2158.6
2159.3
2159.1
1816.8
8521.8
8470.8
8490.4
8490.4
8490.4
8490.4
8490.4
2155.7
2156.9
2152.7
8511.1
8509.1
8538.2
8538.2
8538.2
8538.2
8538.2
8538.2
2144
2146.5
2158
8471.6
8496.8
8496.8
8496.8
8496.8
8496.8
8496.8
8496.8
2154.9
2156.4
2158.6
8467.4
8467.4
8467.4
8467.4
8467.4
8467.4
8467.4
8467.4
2142.3
2157.3
2157.6
2157.6
2157.6
2157.6
2157.6
2157.6
2157.6
2157.6
2157.6
2146.1
2152.8
2152.8
2152.8
2152.8
2152.8
2152.8
2152.8
2152.8
2152.8
2152.8
2144.8
0.17991
14218
14172
14139
14143
14148
14147
14148
14149
14151
14151
3309.3
14092
14192
14133
14140
14143
14148
14151
14153
14153
14153
3332.6
14097
14113
14136
14141
14145
14149
14152
14152
14152
14152
3336.2
14126
14165
14127
14128
14148
14147
14147
14147
14147
14147
3337.5
14164
14133
14186
14130
14131
14131
14131
14131
14131
14131
3334
14113
14096
14159
14105
14105
14105
14105
14105
14105
14105
3338.6
14166
14145
14129
14129
14129
14129
14129
14129
14129
14129
3334.6
14127
14115
14115
14115
14115
14115
14115
14115
14115
14115
3334.7
14163
14163
14163
14163
14163
14163
14163
14163
14163
14163
3339.1
3070.8
14147
14139
14115
14145
14147
14147
14151
14150
14151
14151
3547.8
14141
14180
14122
14134
14143
14150
14152
14152
14152
14152
3549.9
14137
14178
14122
14137
14142
14147
14151
14151
14151
14151
3542.6
14185
14156
14123
14131
14137
14145
14145
14145
14145
14145
3523.3
14147
14127
14183
14127
14129
14129
14129
14129
14129
14129
3117.6
14100
14172
14157
14101
14101
14101
14101
14101
14101
14101
3109.8
14154
14141
14135
14135
14135
14135
14135
14135
14135
14135
2939.1
14122
14112
14112
14112
14112
14112
14112
14112
14112
14112
3067
14159
14159
14159
14159
14159
14159
14159
14159
14159
14159
3129.3
3069.4
3573.4
14113
14120
14143
14145
14146
14148
14150
14152
14152
3564.8
3570.6
14167
14131
14139
14145
14146
14147
14151
14151
14151
3552.2
14220
14159
14119
14128
14139
14145
14147
14147
14147
14147
3541.2
14209
14139
14104
14131
14131
14140
14140
14140
14140
14140
3546
14179
14102
14172
14122
14133
14133
14133
14133
14133
14133
3549.4
14157
14149
14149
14179
14179
14179
14179
14179
14179
14179
3548.3
14201
14129
14121
14121
14121
14121
14121
14121
14121
14121
3530.5
14170
14178
14178
14178
14178
14178
14178
14178
14178
14178
3510.9
14154
14154
14154
14154
14154
14154
14154
14154
14154
14154
3146.5
3070.4
3565.5
3567.3
14184
14122
14144
14147
14150
14151
14151
14151
3565.2
3572.5
14121
14106
14121
14136
14142
14147
14149
14149
14149
3557.7
3560.6
14169
14098
14125
14131
14139
14144
14144
14144
14144
3557.3
3558.2
14156
14166
14126
14131
14133
14133
14133
14133
14133
3553.7
3557
14128
14155
14103
14123
14123
14123
14123
14123
14123
3546.3
3553.8
14197
14135
14178
14178
14178
14178
14178
14178
14178
3549.9
4447.6
14180
14114
14114
14114
14114
14114
14114
14114
14114
3548.7
14148
14158
14158
14158
14158
14158
14158
14158
14158
14158
3547.9
14237
14237
14237
14237
14237
14237
14237
14237
14237
14237
3549
3580.8
3573.4
3570.8
14154
14192
14132
14139
14145
14143
14147
14147
3572.7
3568.8
3574.3
14123
14112
14125
14134
14140
14146
14146
14146
3566
3569
3569
14131
14117
14124
14130
14139
14139
14139
14139
3557
3559.8
3564.1
14127
14187
14123
14130
14130
14130
14130
14130
3560
3560.1
14174
14194
14170
14109
14109
14109
14109
14109
14109
3549
3549
14159
14174
14162
14162
14162
14162
14162
14162
14162
3548.9
3553.8
14213
14153
14153
14153
14153
14153
14153
14153
14153
3542.3
3559.7
14199
14199
14199
14199
14199
14199
14199
14199
14199
3550
3557.9
3557.9
3557.9
3557.9
3557.9
3557.9
3557.9
3557.9
3557.9
3557.9
3541.5
3576.1
3567.1
3564.7
3569.4
14136
14114
14127
14137
14140
14142
14142
3568
3571.5
3571.9
3567
14153
14121
14126
14134
14141
14141
14141
3570
3563.9
3565.8
3520.2
14156
14118
14125
14131
14131
14131
14131
3562.7
3565.4
3566.4
14142
14152
14195
14127
14127
14127
14127
14127
3556.1
3558.3
3567.7
14206
14146
14187
14187
14187
14187
14187
14187
3561
3559.9
3559.9
14215
14134
14134
14134
14134
14134
14134
14134
3547.9
3553.6
3560.5
14202
14202
14202
14202
14202
14202
14202
14202
3552.8
3554.9
3525
3525
3525
3525
3525
3525
3525
3525
3525
3544
3549.6
3549.6
3549.6
3549.6
3549.6
3549.6
3549.6
3549.6
3549.6
3549.6
3550.3
0.27492
19915
19856
19873
19878
19830
19890
19892
19895
19898
19898
5273.9
19877
19881
19867
19867
19877
19883
19888
19836
19836
19836
5716.7
19893
19923
19859
19873
19813
19878
19882
19882
19882
19882
9622.9
19864
19846
19925
19854
19871
19873
19873
19873
19873
19873
9621.5
19816
19896
19914
19926
19851
19851
19851
19851
19851
19851
9597.2
19887
19806
19839
19867
19867
19867
19867
19867
19867
19867
9593.9
19874
19798
19897
19897
19897
19897
19897
19897
19897
19897
9587.5
19787
19857
19857
19857
19857
19857
19857
19857
19857
19857
9582.2
19841
19841
19841
19841
19841
19841
19841
19841
19841
19841
9586.3
5106.9
19811
19850
19870
19876
19883
19834
19837
19840
19898
19898
4829
19864
19874
19867
19868
19876
19883
19888
19836
19836
19836
5251.4
19868
19864
19884
19798
19869
19818
19882
19882
19882
19882
5789.9
19870
19840
19869
19887
19887
19873
19873
19873
19873
19873
9805.4
19901
19897
19912
19926
19852
19852
19852
19852
19852
19852
9781.3
19881
19873
19902
19921
19921
19921
19921
19921
19921
19921
9755.8
19873
19872
19896
19896
19896
19896
19896
19896
19896
19896
9735.2
19856
19853
19853
19853
19853
19853
19853
19853
19853
19853
9717
19840
19840
19840
19840
19840
19840
19840
19840
19840
19840
9709.1
5105.9
4945.6
19899
19865
19812
19879
19888
19836
19839
19841
19841
4866.8
19900
19913
19865
19869
19874
19827
19887
19890
19890
19890
4836.5
19898
19907
19873
19888
19870
19814
19821
19821
19821
19821
4857.3
19895
19895
19866
19878
19865
19800
19800
19800
19800
19800
5331.4
19882
19891
19912
19925
19850
19850
19850
19850
19850
19850
7711.2
19805
19797
19899
19917
19917
19917
19917
19917
19917
19917
7985.5
19862
19785
19897
19897
19897
19897
19897
19897
19897
19897
9007.7
19844
19844
19844
19844
19844
19844
19844
19844
19844
19844
9769.8
19835
19835
19835
19835
19835
19835
19835
19835
19835
19835
9782.8
5106.9
4946.7
19971
19871
19801
19814
19884
19835
19838
19896
19896
4904.5
4917.8
19812
19870
19890
19872
19817
19828
19885
19885
19885
4890.3
4823.1
19817
19922
19857
19870
19807
19816
19816
19816
19816
4835
19854
19878
19913
19926
19887
19869
19869
19869
19869
19869
4853.1
19898
19803
19901
19923
19844
19844
19844
19844
19844
19844
9405.6
19846
19792
19896
19911
19911
19911
19911
19911
19911
19911
5410.1
19872
19870
19895
19895
19895
19895
19895
19895
19895
19895
7645.7
19871
19824
19824
19824
19824
19824
19824
19824
19824
19824
7779.3
19839
19839
19839
19839
19839
19839
19839
19839
19839
19839
7942.5
5111.4
4947.2
4952.2
19887
19875
19874
19876
19828
19887
19891
19891
4932.4
4928.3
4756.5
19903
19873
19892
19809
19877
19881
19881
19881
4873.7
4903.8
19924
19904
19869
19862
19870
19872
19872
19872
19872
4857.4
4866.9
19868
19837
19923
19851
19863
19863
19863
19863
19863
4836.2
4845
19839
19897
19916
19925
19925
19925
19925
19925
19925
4858.6
19818
19826
19887
19847
19847
19847
19847
19847
19847
19847
4846.7
19882
19847
19810
19810
19810
19810
19810
19810
19810
19810
5381.4
19947
19838
19838
19838
19838
19838
19838
19838
19838
19838
5519.3
19950
19950
19950
19950
19950
19950
19950
19950
19950
19950
7569.7
5109.9
4949.5
4948.3
8943.7
19904
19878
19873
19876
19823
19884
19884
4927.8
4935.6
4953
19941
19911
19856
19892
19809
19816
19816
19816
4914.7
4912.4
4855.7
19790
19855
19848
19888
19803
19803
19803
19803
4884.2
4908.4
4940.4
19805
19849
19925
19859
19859
19859
19859
19859
4868.9
4856.1
19889
19880
19841
19923
19923
19923
19923
19923
19923
4860
4839.7
19843
19879
19833
19833
19833
19833
19833
19833
19833
4848.6
8478.4
19822
19804
19804
19804
19804
19804
19804
19804
19804
4847.7
19859
19813
19813
19813
19813
19813
19813
19813
19813
19813
4828.3
19969
19969
19969
19969
19969
19969
19969
19969
19969
19969
5130.9
1.2577
25117
25058
25068
25072
25004
25074
25074
25074
25074
25074
7486.5
25012
25046
25060
25065
25068
25070
25071
25071
25071
25071
7630.3
25066
25018
25056
25052
25059
25063
25065
25065
25065
25065
7743.5
25040
25082
25046
25034
25058
25053
25053
25053
25053
25053
7866
25030
25069
25007
25019
25053
25053
25053
25053
25053
25053
7844.3
25078
25023
25077
25040
25040
25040
25040
25040
25040
25040
7860.6
25053
25007
25028
25028
25028
25028
25028
25028
25028
25028
7869.6
25132
24997
24997
24997
24997
24997
24997
24997
24997
24997
7876.1
25116
25116
25116
25116
25116
25116
25116
25116
25116
25116
7849.4
7079.2
25020
25054
24998
25071
25073
25073
25074
25074
25074
25074
6116.3
25029
25040
25057
25063
25067
25069
25070
25071
25071
25071
7470.9
25059
25013
25036
25050
25058
25062
25065
25065
25065
25065
7720
25030
25036
25018
25030
25046
25060
25060
25060
25060
25060
7636
25020
25027
25040
25019
25027
25027
25027
25027
25027
25027
7710.1
25076
25022
25076
25008
25008
25008
25008
25008
25008
25008
7722.7
25116
25041
25028
25028
25028
25028
25028
25028
25028
25028
7610.2
25143
25029
25029
25029
25029
25029
25029
25029
25029
25029
7912.5
25103
25103
25103
25103
25103
25103
25103
25103
25103
25103
7925.2
7105.4
6043.1
25045
25061
25066
25070
25072
25003
25073
25074
25074
6123.8
5821.4
25014
25060
25059
25064
25067
25001
25070
25070
25070
6123.3
25051
25083
25026
25046
25060
25060
25063
25063
25063
25063
9827.1
25024
25073
25011
25026
25043
25050
25050
25050
25050
25050
7548.9
25072
25062
25082
25015
25049
25049
25049
25049
25049
25049
7684.8
25067
25013
25074
25007
25007
25007
25007
25007
25007
25007
7715.4
25098
25033
25066
25066
25066
25066
25066
25066
25066
25066
7740.3
25123
25022
25022
25022
25022
25022
25022
25022
25022
25022
7784
25098
25098
25098
25098
25098
25098
25098
25098
25098
25098
7614.9
7086.2
6137.4
5975.9
25027
25061
25064
25068
25002
25072
25003
25003
6122.5
6085.5
25067
25048
25048
25061
25063
25066
25068
25068
25068
6121.1
6083.4
25068
25013
25032
25049
25056
25061
25061
25061
25061
6121.6
9336.9
25060
25003
25021
25055
25047
25047
25047
25047
25047
6101.1
25109
25047
25031
25010
25048
25048
25048
25048
25048
25048
7199
25001
25035
25029
25003
25003
25003
25003
25003
25003
25003
7429.7
25050
24999
25025
25025
25025
25025
25025
25025
25025
25025
7671.6
25115
24999
24999
24999
24999
24999
24999
24999
24999
24999
7675.2
25133
25133
25133
25133
25133
25133
25133
25133
25133
25133
7704
7087.8
6124.7
6047.6
25069
25030
25054
25062
25000
25001
25071
25071
6114.9
6134.3
6158.2
25079
25027
25060
25057
24998
24999
24999
24999
6131.2
6116.8
5765.5
25036
25043
25035
25050
25061
25061
25061
25061
6123.2
5987.8
25071
25076
25037
25027
25038
25038
25038
25038
25038
6122.3
6144.7
25057
25031
25004
25017
25017
25017
25017
25017
25017
6113.5
10363
25036
25062
25079
25079
25079
25079
25079
25079
25079
9736
25068
25026
25018
25018
25018
25018
25018
25018
25018
25018
7185.2
24986
25079
25079
25079
25079
25079
25079
25079
25079
25079
7592
25106
25106
25106
25106
25106
25106
25106
25106
25106
25106
7638.6
6711.1
6121.9
6120.9
12485
25080
25031
25052
24998
25065
25000
25000
6132.3
6138.4
6031.5
6155.1
25034
25053
25047
25056
25061
25061
25061
6126.6
6116.6
6119.2
25076
25006
25023
25037
25060
25060
25060
25060
6129.4
6115
6149.8
25072
25029
25040
25052
25052
25052
25052
25052
6119.3
6023.5
9027.8
25044
25028
25010
25010
25010
25010
25010
25010
6125.2
6031
25088
25030
25029
25029
25029
25029
25029
25029
25029
6104.7
6145.8
25051
25020
25020
25020
25020
25020
25020
25020
25020
6129.4
12045
24994
24994
24994
24994
24994
24994
24994
24994
24994
7367.4
25050
25050
25050
25050
25050
25050
25050
25050
25050
25050
7306.2
5.5257
29833
29917
29848
29915
29850
29850
29913
29913
29913
29913
9403.9
29976
29823
29835
29836
29918
29844
29845
29917
29917
29917
9862.2
30052
29976
29943
29822
29945
29836
29836
29836
29836
29836
9958.3
29887
30033
29975
29820
29944
29944
29944
29944
29944
29944
9940.4
29923
29903
29886
29975
29822
29822
29822
29822
29822
29822
9955.6
30066
29890
30056
30007
30007
30007
30007
30007
30007
30007
9995.7
29886
29887
30052
30052
30052
30052
30052
30052
30052
30052
10001
18616
30065
30065
30065
30065
30065
30065
30065
30065
30065
10004
12465
12465
12465
12465
12465
12465
12465
12465
12465
12465
10006
9138.7
30033
29917
29917
29916
29915
29849
29849
29850
29850
29850
7400.8
30035
29944
29945
29916
29837
29842
29917
29917
29917
29917
9341.2
29939
29871
29943
29824
29945
29836
29916
29916
29916
29916
9631.3
30000
30035
29978
29943
29822
29823
29823
29823
29823
29823
9944.3
30057
30031
29892
29977
29943
29943
29943
29943
29943
29943
9994.3
29919
30028
30057
29884
29884
29884
29884
29884
29884
29884
9983.5
29822
29885
30028
30028
30028
30028
30028
30028
30028
30028
10044
18441
29905
29905
29905
29905
29905
29905
29905
29905
29905
9990
12128
12128
12128
12128
12128
12128
12128
12128
12128
12128
10052
9123.4
16444
30019
29946
29917
29917
29916
29916
29915
29914
29914
7361.3
7482.4
30022
29944
29944
29916
29917
29917
29843
29843
29843
7423.2
23402
30038
29854
29823
29824
29945
29915
29915
29915
29915
9045.3
29890
29861
29893
29846
29943
29825
29825
29825
29825
29825
9361.6
30001
29822
29908
29871
29945
29945
29945
29945
29945
29945
9559.9
30067
29853
30032
30032
30032
30032
30032
30032
30032
30032
9623.4
29884
29970
30033
30033
30033
30033
30033
30033
30033
30033
9708.4
18119
30033
30033
30033
30033
30033
30033
30033
30033
30033
9921.2
12077
12077
12077
12077
12077
12077
12077
12077
12077
12077
10005
9127
7356.2
16396
29880
29827
29836
29917
29843
29845
29845
29845
7368.9
7407.9
29821
29886
29827
29944
29915
29916
29838
29838
29838
7366
7400.5
29981
30021
29950
29944
29944
29944
29944
29944
29944
7428.6
7316.3
29840
30038
29986
29945
29944
29944
29944
29944
29944
8437.1
18895
29790
30012
29900
29860
29860
29860
29860
29860
29860
9236.6
30032
29853
29973
29907
29907
29907
29907
29907
29907
29907
9355.2
29848
29890
29938
29938
29938
29938
29938
29938
29938
29938
9617.3
15942
29963
29963
29963
29963
29963
29963
29963
29963
29963
9599.4
11458
11458
11458
11458
11458
11458
11458
11458
11458
11458
9625.4
9114.9
7345.3
16423
17815
29996
29945
29946
29917
29840
29843
29843
7362.1
7336.4
14588
29743
29997
29945
29945
29834
29836
29836
29836
7368.6
7364.9
7484.3
29781
29890
29854
29944
29825
29825
29825
29825
7374.2
7359.4
14938
29982
29890
29872
29945
29945
29945
29945
29945
7433.5
7421.1
23389
29893
29884
29886
29886
29886
29886
29886
29886
9780.3
11429
29779
29777
29875
29875
29875
29875
29875
29875
29875
9031.6
30046
29806
29776
29776
29776
29776
29776
29776
29776
29776
9249.4
17461
29831
29831
29831
29831
29831
29831
29831
29831
29831
9352.8
13757
13757
13757
13757
13757
13757
13757
13757
13757
13757
9578.6
9119.6
7338.9
7343.5
16460
29738
29996
29946
29946
29837
29917
29917
7374.3
7363.9
6847.6
14450
29951
29883
29948
29825
29945
29945
29945
7369.9
7312.2
7464.2
11640
29829
29888
29951
29826
29826
29826
29826
7370.3
7356.2
7414.5
29700
29942
30022
29978
29978
29978
29978
29978
7364.6
7345.5
7433.8
29752
30001
29889
29889
29889
29889
29889
29889
7430.7
7368.6
14418
29766
29815
29815
29815
29815
29815
29815
29815
10120
7371.8
19309
29765
29765
29765
29765
29765
29765
29765
29765
9009.2
29727
29803
29803
29803
29803
29803
29803
29803
29803
29803
9119.9
13093
13093
13093
13093
13093
13093
13093
13093
13093
13093
9264.5
24.019
35133
34761
35131
34754
35130
34753
34753
35130
34753
34753
12215
35154
35149
34795
35125
35126
35124
34748
35124
35124
35124
12199
35126
35159
35157
34806
35148
35149
34786
34786
34786
34786
12199
35177
35117
34799
35161
35161
35151
35151
35151
35151
35151
12201
31397
35127
34773
35160
35157
35157
35157
35157
35157
35157
12199
35132
35175
35127
34782
34782
34782
34782
34782
34782
34782
12199
35009
35177
34801
34801
34801
34801
34801
34801
34801
34801
12199
15371
34824
34824
34824
34824
34824
34824
34824
34824
34824
12201
14683
14683
14683
14683
14683
14683
14683
14683
14683
14683
12201
11584
35045
35126
35130
34761
35130
35131
35131
35131
34755
34755
9652.6
35123
35158
34802
34791
35126
34766
35125
34752
34752
34752
11274
35154
35130
35160
35167
34799
34793
34790
34790
34790
34790
11759
31665
35132
34799
34810
34806
34807
34807
34807
34807
34807
11992
31488
34824
34766
35137
34808
34808
34808
34808
34808
34808
12241
31795
35194
34771
35131
35131
35131
35131
35131
35131
35131
12293
34616
31881
34817
34817
34817
34817
34817
34817
34817
34817
12319
15230
31817
31817
31817
31817
31817
31817
31817
31817
31817
12239
14778
14778
14778
14778
14778
14778
14778
14778
14778
14778
12191
11385
20301
35044
35161
35126
34773
34765
34762
34761
35130
35130
8644.7
17968
35091
35163
34804
34796
34786
35128
35127
35127
35127
9641.1
8750.6
34745
35141
34807
34808
34802
34793
34793
34793
34793
11594
19621
34772
35124
35150
35160
35163
35163
35163
35163
35163
11276
24563
34827
34773
34786
34805
34805
34805
34805
34805
34805
11487
28310
31836
34809
34769
34769
34769
34769
34769
34769
34769
11746
34588
31698
34831
34831
34831
34831
34831
34831
34831
34831
11842
14999
31518
31518
31518
31518
31518
31518
31518
31518
31518
11996
15018
15018
15018
15018
15018
15018
15018
15018
15018
15018
11893
11342
8667.4
20261
34606
34822
35148
35126
34776
34769
34765
34765
8644.5
8740
20085
34686
35164
34812
35148
35152
35127
35127
35127
8611.8
8669.8
21456
34707
35143
34817
34807
35147
35147
35147
35147
9643.9
8657.7
22356
34745
34782
34807
34807
34807
34807
34807
34807
11523
8691.6
24957
34772
35134
35139
35139
35139
35139
35139
35139
11503
18724
25492
34781
34778
34778
34778
34778
34778
34778
34778
11276
28526
28206
35149
35149
35149
35149
35149
35149
35149
35149
11486
17932
28178
28178
28178
28178
28178
28178
28178
28178
28178
11569
14317
14317
14317
14317
14317
14317
14317
14317
14317
14317
11745
11341
8620.2
20301
20260
34606
34812
35162
34808
34789
34777
34777
8645.2
8658.6
19736
20546
34681
34806
34811
35171
35151
35151
35151
8646.4
8694.3
17868
22204
34696
34794
35163
35163
35163
35163
35163
8607
8660.2
8753.5
25002
34730
35123
34806
34806
34806
34806
34806
9647.3
8646.1
8753.4
25938
34745
35131
35131
35131
35131
35131
35131
11489
8662.9
14881
26287
35110
35110
35110
35110
35110
35110
35110
11595
14437
18959
28677
28677
28677
28677
28677
28677
28677
28677
10871
19383
22037
22037
22037
22037
22037
22037
22037
22037
22037
11276
14096
14096
14096
14096
14096
14096
14096
14096
14096
14096
11305
11341
8638
17668
20337
20327
35045
34813
34830
35170
34803
34803
8643.1
8620.3
18866
19801
21950
35049
34797
35152
34817
34817
34817
8643.3
8666.1
8751.2
19460
24181
35047
35144
35163
35163
35163
35163
8621.9
8683.1
8743
19961
25989
35091
35124
35124
35124
35124
35124
8649.7
8671
8708.8
18784
28552
34735
34735
34735
34735
34735
34735
9646.9
8651.4
8691
18683
29098
29098
29098
29098
29098
29098
29098
11458
8649.9
8711.3
21033
21033
21033
21033
21033
21033
21033
21033
11558
11738
10801
10801
10801
10801
10801
10801
10801
10801
10801
12036
15123
15123
15123
15123
15123
15123
15123
15123
15123
15123
10934
25.408
40452
39859
39856
39855
39854
39854
39853
39853
39853
39853
14815
40443
40453
39857
39866
39875
39875
40448
40443
40443
40443
14815
37603
39722
39718
40454
39834
40452
39862
39862
39862
39862
14814
32870
40036
40443
39701
39734
40455
40455
40455
40455
40455
14814
21238
37587
39933
39723
39665
39665
39665
39665
39665
39665
14803
20400
33236
40135
39854
39854
39854
39854
39854
39854
39854
14803
19456
32869
37729
37729
37729
37729
37729
37729
37729
37729
14803
18926
30888
30888
30888
30888
30888
30888
30888
30888
30888
14814
18322
18322
18322
18322
18322
18322
18322
18322
18322
18322
14803
14104
25374
40453
39908
39901
39886
39876
39870
39865
39863
39863
11634
29816
39703
39839
39865
39874
39878
39880
39882
39882
39882
10056
28012
40452
39703
39768
40437
40463
40476
40476
40476
40476
13266
27417
34761
39745
40442
39736
39790
39790
39790
39790
39790
14016
21219
31710
39987
40419
40412
40412
40412
40412
40412
40412
14237
19872
30906
35215
40496
40496
40496
40496
40496
40496
40496
14329
19112
30548
34253
34253
34253
34253
34253
34253
34253
34253
14378
18634
29427
29427
29427
29427
29427
29427
29427
29427
29427
14386
18199
18199
18199
18199
18199
18199
18199
18199
18199
18199
14355
14124
24218
25371
40452
39880
39903
39908
40451
39900
39892
39892
10018
22748
29416
39596
39823
39865
40480
40435
40469
40469
40469
11646
19189
29887
39588
40420
40470
39839
39860
39860
39860
39860
10054
14433
28371
40378
40440
39707
40434
40434
40434
40434
40434
10055
15886
28018
33143
39706
39691
39691
39691
39691
39691
39691
12262
18691
27818
31539
39661
39661
39661
39661
39661
39661
39661
13266
17920
27482
31153
31153
31153
31153
31153
31153
31153
31153
13687
17613
27322
27322
27322
27322
27322
27322
27322
27322
27322
14016
17410
17410
17410
17410
17410
17410
17410
17410
17410
17410
14167
14141
18512
24483
25373
39629
39846
40458
39898
39906
40453
40453
9891
19629
23752
29541
39530
39762
40472
39869
39876
39876
39876
9796.7
10014
24998
29624
40353
39678
40438
40477
40477
40477
40477
11648
9971
25206
29885
39493
39617
40420
40420
40420
40420
40420
10036
14556
24019
28487
34723
40398
40398
40398
40398
40398
40398
10088
15339
22017
28245
31927
31927
31927
31927
31927
31927
31927
10058
15570
24031
28008
28008
28008
28008
28008
28008
28008
28008
12144
15305
24057
24057
24057
24057
24057
24057
24057
24057
24057
12713
15703
15703
15703
15703
15703
15703
15703
15703
15703
15703
13270
14130
9944.7
24217
23903
25374
40312
40453
40474
39880
40449
40449
9882.8
10025
23531
23912
28492
40359
40415
40441
39860
39860
39860
10015
10040
22742
25052
30080
40321
39596
39746
39746
39746
39746
11167
10002
23263
26463
29423
40325
39567
39567
39567
39567
39567
11649
9967.4
19195
26802
28938
34889
34889
34889
34889
34889
34889
10066
12175
10040
26337
28523
28523
28523
28523
28523
28523
28523
10054
10010
14737
24776
24776
24776
24776
24776
24776
24776
24776
10086
10046
18588
18588
18588
18588
18588
18588
18588
18588
18588
10059
13222
13222
13222
13222
13222
13222
13222
13222
13222
13222
10079
14143
9892.5
24340
24337
23788
25378
39649
39708
40472
39866
39866
9883.1
9937.9
23312
23644
23994
28021
39662
40415
40419
40419
40419
9882.8
10001
22230
23492
24951
29548
39644
39578
39578
39578
39578
10056
10015
20246
23990
26387
30234
35491
35491
35491
35491
35491
11020
10007
10029
24281
26466
29988
29988
29988
29988
29988
29988
11667
15022
9988.8
24130
27905
27905
27905
27905
27905
27905
27905
9870
11105
9980.2
23471
23471
23471
23471
23471
23471
23471
23471
10044
10049
9980.1
9980.1
9980.1
9980.1
9980.1
9980.1
9980.1
9980.1
9980.1
10076
10063
10063
10063
10063
10063
10063
10063
10063
10063
10063
10079
33.313
44952
44900
44928
44892
44925
44891
44924
44890
44923
44923
28034
44777
44774
44829
44860
44872
44880
44887
44891
44891
44891
28059
33247
45907
45881
44752
44808
44836
44848
44848
44848
44848
28059
24471
45553
44779
45868
45890
44773
44773
44773
44773
44773
28059
21586
32139
45242
45907
44696
44696
44696
44696
44696
44696
28079
32885
26117
33180
45929
45929
45929
45929
45929
45929
45929
28079
31705
23446
33347
33347
33347
33347
33347
33347
33347
33347
28079
31357
22120
22120
22120
22120
22120
22120
22120
22120
22120
28059
31144
31144
31144
31144
31144
31144
31144
31144
31144
31144
28079
17653
27470
44740
44869
44884
44887
44891
44892
44892
44892
44892
11304
27985
44613
44759
44829
44857
44872
44882
44884
44884
44884
12230
27287
38080
45832
45893
44790
44812
44840
44840
44840
44840
16642
21756
34577
45884
45815
44674
44730
44730
44730
44730
44730
17710
20130
32324
37932
45861
44673
44673
44673
44673
44673
44673
25440
21954
24602
37547
45844
45844
45844
45844
45844
45844
45844
25977
29465
23271
33474
33474
33474
33474
33474
33474
33474
33474
27077
29352
21864
21864
21864
21864
21864
21864
21864
21864
21864
27784
29350
29350
29350
29350
29350
29350
29350
29350
29350
29350
27757
17899
27771
27435
44992
44729
44841
44868
44877
44882
44884
44884
9925.2
27385
29135
45169
44660
44761
44827
44854
44865
44865
44865
10994
21582
27987
38466
44613
45843
44758
44798
44798
44798
44798
11447
11447
28706
35124
45699
45741
44656
44656
44656
44656
44656
12132
11491
27384
30498
38077
44637
44637
44637
44637
44637
44637
16197
16603
22702
34503
35463
35463
35463
35463
35463
35463
35463
16845
17750
21732
31164
31164
31164
31164
31164
31164
31164
31164
16691
18269
21003
21003
21003
21003
21003
21003
21003
21003
21003
17690
19092
19092
19092
19092
19092
19092
19092
19092
19092
19092
25055
17526
27783
27728
27470
37596
44635
44729
44822
44854
44867
44867
11364
25495
27433
28478
37751
44676
44650
44768
44820
44820
44820
12797
27693
27920
29697
37523
44765
45763
44694
44694
44694
44694
10983
22185
27632
27987
35880
45907
44613
44613
44613
44613
44613
11450
11449
22758
28136
29326
38403
38403
38403
38403
38403
38403
11443
11445
16516
29465
29742
29742
29742
29742
29742
29742
29742
12104
11450
16727
27714
27714
27714
27714
27714
27714
27714
27714
15395
16219
18547
18547
18547
18547
18547
18547
18547
18547
18547
16365
16407
16407
16407
16407
16407
16407
16407
16407
16407
16407
16840
17700
17393
27771
27729
27434
33733
44951
44599
44728
44809
44809
11318
11392
27222
27437
28187
35234
45094
44633
44670
44670
44670
9979.4
27608
27406
27867
29178
36440
45148
45795
45795
45795
45795
13781
21949
27751
28574
29975
35076
41155
41155
41155
41155
41155
10973
16087
21579
27219
27779
33491
33491
33491
33491
33491
33491
11451
11450
11460
27736
27816
27816
27816
27816
27816
27816
27816
11447
11446
11444
24243
24243
24243
24243
24243
24243
24243
24243
11441
11449
11453
11453
11453
11453
11453
11453
11453
11453
11453
12091
11975
11975
11975
11975
11975
11975
11975
11975
11975
11975
14039
17577
11316
27759
27738
27737
27434
30888
39758
44673
44611
44611
11282
11328
27113
27919
27438
27909
33271
39689
44708
44708
44708
11227
27101
26858
27364
27881
28906
34608
39303
39303
39303
39303
11163
23551
26580
27733
28166
29441
34211
34211
34211
34211
34211
13744
20303
26586
28526
29112
29991
29991
29991
29991
29991
29991
10956
11443
16510
30201
26971
26971
26971
26971
26971
26971
26971
11452
11451
11448
22336
22336
22336
22336
22336
22336
22336
22336
11449
11445
11445
11445
11445
11445
11445
11445
11445
11445
11445
11446
11446
11446
11446
11446
11446
11446
11446
11446
11446
11446
11448
39.644
50090
50081
51400
50082
51469
50083
50083
51468
50083
50083
32765
51470
51353
49920
49934
51432
51428
49974
49984
49984
49984
32768
40148
51458
51451
51362
51382
51313
51370
51370
51370
51370
32767
38563
44180
51451
49984
51448
51363
51363
51363
51363
51363
32762
38066
40146
51512
51445
51438
51438
51438
51438
51438
51438
32767
37795
38995
43247
51505
51505
51505
51505
51505
51505
51505
32762
37627
38553
40158
40158
40158
40158
40158
40158
40158
40158
32767
34645
38159
38159
38159
38159
38159
38159
38159
38159
38159
32762
34226
34226
34226
34226
34226
34226
34226
34226
34226
34226
32762
21613
31168
49953
51421
50015
51464
51451
51441
50067
50070
50070
12859
38286
50292
51348
49917
51406
49947
51435
49977
49977
49977
24979
37340
43761
51423
49942
51380
49924
49912
49912
49912
49912
28387
36063
41143
48266
49985
51387
49943
49943
49943
49943
49943
30496
35498
39772
45615
51501
45516
45516
45516
45516
45516
45516
30667
35182
39062
42564
47722
47722
47722
47722
47722
47722
47722
31112
34614
38674
39577
39577
39577
39577
39577
39577
39577
39577
31178
34579
38188
38188
38188
38188
38188
38188
38188
38188
38188
31460
34580
34580
34580
34580
34580
34580
34580
34580
34580
34580
31730
21618
30231
31161
45809
49954
51389
51422
50001
50016
50030
50030
12869
27910
37046
45391
51375
49922
49932
49938
49952
49952
49952
12861
27342
38226
44425
50293
49959
51348
49918
49918
49918
49918
18473
30043
37562
41420
50749
49972
49938
49938
49938
49938
49938
24917
31761
37326
40548
43753
43462
43462
43462
43462
43462
43462
27417
32232
36314
40344
41505
41505
41505
41505
41505
41505
41505
28387
32323
36063
38774
38774
38774
38774
38774
38774
38774
38774
29402
32905
35645
35645
35645
35645
35645
35645
35645
35645
35645
30496
33285
33285
33285
33285
33285
33285
33285
33285
33285
33285
30619
21618
25758
31273
31160
42230
50557
49954
49913
49953
49978
49978
12804
26180
30926
34162
43304
50630
51418
49922
49908
49908
49908
12870
25876
28578
38053
42379
47750
51382
51365
51365
51365
51365
12860
18893
31953
38256
42714
46111
50293
50293
50293
50293
50293
17798
25644
33400
37856
41282
42153
42153
42153
42153
42153
42153
20449
28742
33361
36773
40274
40274
40274
40274
40274
40274
40274
24980
29019
32992
37326
37326
37326
37326
37326
37326
37326
37326
26349
30859
32983
32983
32983
32983
32983
32983
32983
32983
32983
27865
31359
31359
31359
31359
31359
31359
31359
31359
31359
31359
28383
21617
12850
30253
31291
31161
40298
45811
51300
49954
49905
49905
12861
25084
29663
30817
33249
41843
45615
50300
51412
51412
51412
12859
24185
27931
31172
37007
41622
45335
50439
50439
50439
50439
12872
12743
30953
28343
32082
42229
44188
44188
44188
44188
44188
12862
18074
27344
34059
38256
40827
40827
40827
40827
40827
40827
17046
20441
29620
34233
37931
37931
37931
37931
37931
37931
37931
18466
25533
30042
33677
33677
33677
33677
33677
33677
33677
33677
22706
26236
32215
32215
32215
32215
32215
32215
32215
32215
32215
24979
28542
28542
28542
28542
28542
28542
28542
28542
28542
28542
25452
21615
12864
27475
31305
31299
31160
39182
43836
50902
51303
51303
12870
23269
28014
31325
31189
32520
40133
43809
50793
50793
50793
12828
24221
27096
30043
31066
35677
41028
43685
43685
43685
43685
12862
12719
25484
28532
30169
37900
40859
40859
40859
40859
40859
12868
12851
25762
31513
28173
34047
34047
34047
34047
34047
34047
12860
17174
26029
30688
34613
34613
34613
34613
34613
34613
34613
16229
18162
26191
30800
30800
30800
30800
30800
30800
30800
30800
18072
22591
26829
26829
26829
26829
26829
26829
26829
26829
26829
18565
25575
25575
25575
25575
25575
25575
25575
25575
25575
25575
23670
50.103
55528
55535
55537
57012
55538
57014
57015
55538
57015
57015
36485
57138
57113
55206
57078
57103
57020
57065
55738
55738
55738
36486
44783
57153
57140
57095
57136
55201
55446
55446
55446
55446
36521
41196
45535
57135
57082
57105
57095
57095
57095
57095
57095
36521
40485
44783
48555
57123
57102
57102
57102
57102
57102
57102
36521
40198
44641
45568
48887
48887
48887
48887
48887
48887
48887
36521
40094
41196
44783
44783
44783
44783
44783
44783
44783
44783
36486
40008
40766
40766
40766
40766
40766
40766
40766
40766
40766
36521
39920
39920
39920
39920
39920
39920
39920
39920
39920
39920
36521
25708
34512
52066
55659
55576
57020
55531
55528
55529
57010
57010
19237
43790
57145
50658
56308
57065
55770
55741
55704
55704
55704
32400
42467
50083
57146
57130
57140
54683
57053
57053
57053
57053
34727
41447
45849
52365
57147
57138
57083
57083
57083
57083
57083
35855
41028
44790
48769
52986
57149
57149
57149
57149
57149
57149
36329
40429
42084
45256
48867
48867
48867
48867
48867
48867
48867
36540
39725
41804
44741
44741
44741
44741
44741
44741
44741
44741
36517
39550
41103
41103
41103
41103
41103
41103
41103
41103
41103
36472
39484
39484
39484
39484
39484
39484
39484
39484
39484
39484
36466
25705
28862
34510
48436
51905
55792
55660
55617
57025
55554
55554
14102
30109
40376
47384
50665
52322
56029
55791
55739
55739
55739
19220
34481
43792
48648
57145
57145
49109
56993
56993
56993
56993
27636
36676
43167
47563
50673
57145
57131
57131
57131
57131
57131
32403
38051
42467
46099
50071
54016
54016
54016
54016
54016
54016
33906
37699
42001
45410
46574
46574
46574
46574
46574
46574
46574
34730
38045
41439
43855
43855
43855
43855
43855
43855
43855
43855
35641
37872
41135
41135
41135
41135
41135
41135
41135
41135
41135
35855
37432
37432
37432
37432
37432
37432
37432
37432
37432
37432
36143
25721
14113
32049
34510
46729
48782
51904
55896
55740
55660
55660
14162
14117
34657
40743
47409
48888
50490
55565
55915
55915
55915
14206
23692
37117
44534
48697
51291
46810
51059
51059
51059
51059
19220
29334
38253
43792
47391
50512
57145
57145
57145
57145
57145
25772
32826
39281
43786
47136
49700
49700
49700
49700
49700
49700
30320
35054
39201
42844
46212
46212
46212
46212
46212
46212
46212
32403
36338
38998
42462
42462
42462
42462
42462
42462
42462
42462
33480
37046
39067
39067
39067
39067
39067
39067
39067
39067
39067
34036
37029
37029
37029
37029
37029
37029
37029
37029
37029
37029
34628
25720
14128
28930
34624
34506
45387
48425
50116
51904
57008
57008
14220
14110
30193
35387
41939
46608
48575
50121
51775
51775
51775
14102
14193
30113
38239
43377
44394
44433
49328
49328
49328
49328
14225
19126
32761
40450
44389
47659
57158
57158
57158
57158
57158
19237
27650
34540
39980
43792
47015
47015
47015
47015
47015
47015
24373
30716
36126
40528
43850
43850
43850
43850
43850
43850
43850
27636
32861
36671
39923
39923
39923
39923
39923
39923
39923
39923
30637
34499
37977
37977
37977
37977
37977
37977
37977
37977
37977
32402
34745
34745
34745
34745
34745
34745
34745
34745
34745
34745
33058
25705
14127
25272
30916
34704
34506
44698
46907
48697
50305
50305
14215
14106
23490
32871
38319
42293
45282
47018
48663
48663
48663
14159
14160
22413
33573
38140
40227
43165
42104
42104
42104
42104
14172
14186
27812
35162
40675
44561
44542
44542
44542
44542
44542
14217
18671
29373
36709
40981
44417
44417
44417
44417
44417
44417
19237
25896
32066
36560
40514
40514
40514
40514
40514
40514
40514
23823
28439
33766
37548
37548
37548
37548
37548
37548
37548
37548
27027
31118
35053
35053
35053
35053
35053
35053
35053
35053
35053
27895
32573
32573
32573
32573
32573
32573
32573
32573
32573
32573
30712
63.656
61095
61103
61106
61106
61106
61109
61109
61110
61110
61110
42140
55272
58725
58122
57145
56346
55711
59897
59369
59369
59369
42134
48396
55270
62449
58823
58589
58124
58065
58065
58065
58065
42134
47524
51413
55237
59111
62436
58710
58710
58710
58710
58710
42134
46761
48394
51674
55265
55818
55818
55818
55818
55818
55818
42140
46071
47837
51052
51843
51843
51843
51843
51843
51843
51843
42134
45145
47530
48394
48394
48394
48394
48394
48394
48394
48394
42140
43032
47149
47149
47149
47149
47149
47149
47149
47149
47149
42134
42731
42731
42731
42731
42731
42731
42731
42731
42731
42731
42134
30897
44927
55547
61110
61225
61175
61136
61118
61110
61116
61116
26633
49724
54101
57427
57399
57384
56570
57601
58626
58626
58626
38270
48237
52698
56270
58919
59156
59004
58197
58197
58197
58197
39934
47129
51349
52841
55949
62413
58746
58746
58746
58746
58746
41197
46150
48570
51447
53049
55516
55516
55516
55516
55516
55516
41770
45860
47665
51185
51748
51748
51748
51748
51748
51748
51748
41968
43681
47250
48566
48566
48566
48566
48566
48566
48566
48566
41966
43000
46976
46976
46976
46976
46976
46976
46976
46976
46976
41931
42699
42699
42699
42699
42699
42699
42699
42699
42699
42699
41896
30862
26440
45405
51785
55603
57870
61513
61251
61225
61200
61200
15452
37655
46667
49921
52699
53826
54689
53412
55807
55807
55807
26632
41717
49722
53649
54104
56143
58108
57316
57316
57316
57316
35232
43839
48929
52137
53859
56281
56310
56310
56310
56310
56310
37963
44013
48237
50025
52698
55407
55407
55407
55407
55407
55407
39632
43503
47766
49036
51918
51918
51918
51918
51918
51918
51918
39950
43571
47127
48485
48485
48485
48485
48485
48485
48485
48485
41063
43472
46324
46324
46324
46324
46324
46324
46324
46324
46324
41197
42920
42920
42920
42920
42920
42920
42920
42920
42920
42920
41344
30853
15428
36803
44124
49716
51889
55565
56562
57889
61187
61187
15396
26482
41101
45357
48159
47710
50061
52299
53629
53629
53629
17300
33764
43167
48512
49864
51948
54074
55048
55048
55048
55048
26633
37782
44300
49835
52306
55788
54570
54570
54570
54570
54570
33145
40712
45301
49150
50480
53183
53183
53183
53183
53183
53183
36450
41165
45062
48539
49914
49914
49914
49914
49914
49914
49914
38272
42443
44823
48232
48232
48232
48232
48232
48232
48232
48232
39534
42544
44593
44593
44593
44593
44593
44593
44593
44593
44593
39799
42751
42751
42751
42751
42751
42751
42751
42751
42751
42751
39950
30854
15456
26460
37124
44122
47771
51789
53620
55616
56567
56567
15422
15433
33656
40525
45205
46518
47975
49604
51480
51480
51480
15453
24729
37652
43850
46676
47965
49922
52268
52268
52268
52268
19808
31067
39420
44925
48556
52871
51792
51792
51792
51792
51792
26633
34636
41697
45854
49718
50867
50867
50867
50867
50867
50867
32306
37647
42280
45821
48958
48958
48958
48958
48958
48958
48958
35142
39808
43901
45587
45587
45587
45587
45587
45587
45587
45587
36691
40560
43879
43879
43879
43879
43879
43879
43879
43879
43879
37962
40861
40861
40861
40861
40861
40861
40861
40861
40861
40861
39220
30854
15460
24439
34888
39348
45391
46542
50115
52010
53711
53711
15424
15436
28590
36701
40741
45076
46389
47156
49103
49103
49103
15396
15432
32383
39220
43422
45854
47773
48348
48348
48348
48348
15398
25156
35065
40842
45650
48802
49028
49028
49028
49028
49028
20523
30272
37848
42904
46053
48747
48747
48747
48747
48747
48747
26574
33556
38746
43109
46262
46262
46262
46262
46262
46262
46262
29809
36889
41082
43979
43979
43979
43979
43979
43979
43979
43979
33603
37963
41390
41390
41390
41390
41390
41390
41390
41390
41390
35832
38911
38911
38911
38911
38911
38911
38911
38911
38911
38911
37194
96.398
66151
66150
66151
66144
66152
66152
66152
66152
66152
66152
34880
61084
63961
62879
61938
62041
61992
61871
61506
61506
61506
34880
34914
61100
62229
63954
63447
62897
62569
62569
62569
62569
34886
34894
34944
61100
62040
62396
63994
63994
63994
63994
63994
34880
34892
34907
34974
61062
62222
62222
62222
62222
62222
62222
34880
34895
34905
34929
61599
61599
61599
61599
61599
61599
61599
34886
34891
34894
34907
34907
34907
34907
34907
34907
34907
34907
34880
34887
34899
34899
34899
34899
34899
34899
34899
34899
34899
34880
34891
34891
34891
34891
34891
34891
34891
34891
34891
34891
34880
36759
47239
57278
61208
64894
66876
66979
67005
66890
66202
66202
34469
51669
59361
62011
63410
63376
64535
62526
61598
61598
61598
42359
49207
58112
60558
62601
63061
64366
64391
64391
64391
64391
26754
34909
34955
59701
60464
62274
62603
62603
62603
62603
62603
34901
34897
34924
34978
59522
60306
60306
60306
60306
60306
60306
34893
34897
34906
34939
61576
61576
61576
61576
61576
61576
61576
34888
34893
34900
34914
34914
34914
34914
34914
34914
34914
34914
34888
34892
34903
34903
34903
34903
34903
34903
34903
34903
34903
34885
34892
34892
34892
34892
34892
34892
34892
34892
34892
34892
34880
36765
32809
47249
55006
57272
59362
61209
63038
64909
65792
65792
16743
42551
50093
54532
57280
59015
60556
60238
61579
61579
61579
34468
45569
51795
56411
59345
60723
61938
62240
62240
62240
62240
41470
47510
52663
56343
58617
59538
61337
61337
61337
61337
61337
42468
47339
46535
41417
58129
60064
60064
60064
60064
60064
60064
43550
24369
29449
34948
66525
66525
66525
66525
66525
66525
66525
26628
29565
34909
34930
34930
34930
34930
34930
34930
34930
34930
34898
34898
34908
34908
34908
34908
34908
34908
34908
34908
34908
34894
34892
34892
34892
34892
34892
34892
34892
34892
34892
34892
34893
36766
16721
41350
47285
53020
55235
57217
59189
59605
61206
61206
16668
35183
44938
50113
53232
55085
56625
57009
58482
58482
58482
21361
39729
46611
49064
54008
56271
57928
59694
59694
59694
59694
33947
43571
48646
51796
54368
57058
59345
59345
59345
59345
59345
38925
44846
48611
52786
55539
57593
57593
57593
57593
57593
57593
42201
46251
48173
52336
55870
55870
55870
55870
55870
55870
55870
42358
45972
48442
46541
46541
46541
46541
46541
46541
46541
46541
42775
46316
24018
24018
24018
24018
24018
24018
24018
24018
24018
34872
24782
24782
24782
24782
24782
24782
24782
24782
24782
24782
26756
36766
16673
32834
42648
47281
51184
54981
55490
57250
57963
57963
16633
22488
40680
46247
48517
51236
53539
54177
55742
55742
55742
16743
33537
42551
45943
50093
50373
54536
55724
55724
55724
55724
24906
37580
45170
49372
49120
53173
55590
55590
55590
55590
55590
33947
40696
45556
49482
51798
52808
52808
52808
52808
52808
52808
38495
43439
47280
49570
52868
52868
52868
52868
52868
52868
52868
41470
44680
47450
49321
49321
49321
49321
49321
49321
49321
49321
42271
45191
47422
47422
47422
47422
47422
47422
47422
47422
47422
42468
45083
45083
45083
45083
45083
45083
45083
45083
45083
45083
42631
36770
16677
30849
40112
43294
47339
50812
52962
54936
55655
55655
16646
16717
36125
42705
45861
48571
50804
53411
53627
53627
53627
16675
26575
38951
42605
46933
50038
50778
52025
52025
52025
52025
20968
32398
41215
45613
46015
49049
50179
50179
50179
50179
50179
28266
36450
42515
46370
49633
50255
50255
50255
50255
50255
50255
34468
40005
44508
47388
49900
49900
49900
49900
49900
49900
49900
38150
42155
44892
48433
48433
48433
48433
48433
48433
48433
48433
39239
43305
46580
46580
46580
46580
46580
46580
46580
46580
46580
42021
44046
44046
44046
44046
44046
44046
44046
44046
44046
44046
42314
130.81
71622
71614
71607
71605
71660
71657
71656
71656
71656
71656
43672
65671
68243
70254
70345
69800
69601
69228
69243
69243
69243
43675
43752
65672
67808
68248
68540
70278
70299
70299
70299
70299
43678
43749
43756
65697
67660
67960
68251
68251
68251
68251
68251
43678
43739
43755
53128
65686
67596
67596
67596
67596
67596
67596
43678
43730
43756
43747
54993
54993
54993
54993
54993
54993
54993
43679
43724
43751
43756
43756
43756
43756
43756
43756
43756
43756
43680
43718
43745
43745
43745
43745
43745
43745
43745
43745
43745
43681
43714
43714
43714
43714
43714
43714
43714
43714
43714
43714
43680
44423
52848
62710
66933
68975
70791
70799
72399
72379
72400
72400
41144
57796
64853
67477
68752
68262
69528
69594
69566
69566
69566
43672
43730
63845
66693
68533
68639
68982
70448
70448
70448
70448
43671
43735
43749
65683
66278
68194
68308
68308
68308
68308
68308
43673
43731
43749
52584
65752
66211
66211
66211
66211
66211
66211
43675
43724
43750
43746
54675
54675
54675
54675
54675
54675
54675
43677
43720
43746
43753
43753
43753
43753
43753
43753
43753
43753
43678
43716
43742
43742
43742
43742
43742
43742
43742
43742
43742
43679
43712
43712
43712
43712
43712
43712
43712
43712
43712
43712
43679
44432
42778
52828
59800
62716
64867
66928
67321
68958
69184
69184
22509
50759
55705
61458
64958
65359
66512
66385
67717
67717
67717
41178
51237
57436
62620
64970
65853
67430
67750
67750
67750
67750
46125
31071
59808
61834
64470
65094
65896
65896
65896
65896
65896
43673
43710
43732
61254
63865
64388
64388
64388
64388
64388
64388
43665
43711
43737
43737
54295
54295
54295
54295
54295
54295
54295
43673
43713
43736
43744
43744
43744
43744
43744
43744
43744
43744
43674
43710
43734
43734
43734
43734
43734
43734
43734
43734
43734
43676
43707
43707
43707
43707
43707
43707
43707
43707
43707
43707
43677
44435
29479
45892
52815
57899
61921
62714
64732
65291
66945
66945
17909
40517
50929
53724
59199
61680
62369
65457
65824
65824
65824
30606
45065
52989
56481
60522
63073
63987
66042
66042
66042
66042
41186
48684
54007
57362
60512
63070
65015
65015
65015
65015
65015
45028
50166
30019
58632
61505
63379
63379
63379
63379
63379
63379
23657
32452
43730
43727
57799
57799
57799
57799
57799
57799
57799
43670
43700
43722
43732
43732
43732
43732
43732
43732
43732
43732
43667
43699
43722
43722
43722
43722
43722
43722
43722
43722
43722
43670
43701
43701
43701
43701
43701
43701
43701
43701
43701
43701
43674
44436
17964
42856
47121
52834
57222
59772
62172
62705
64700
64700
17895
32946
45992
51395
54470
56536
59345
61804
63136
63136
63136
22513
38624
50108
51988
55662
58937
61455
62599
62599
62599
62599
34111
43480
48950
52631
57276
58820
62299
62299
62299
62299
62299
41193
46474
51245
55400
57432
60069
60069
60069
60069
60069
60069
44521
49246
53638
30125
57276
57276
57276
57276
57276
57276
57276
46187
39577
31064
36278
36278
36278
36278
36278
36278
36278
36278
28296
33710
43724
43724
43724
43724
43724
43724
43724
43724
43724
43671
43691
43691
43691
43691
43691
43691
43691
43691
43691
43691
43666
44438
17942
32987
44882
47973
52823
56855
59607
60098
62298
62298
17909
18003
40482
48665
51297
54302
57079
58278
59216
59216
59216
17915
33996
43789
50640
52377
55420
57609
60614
60614
60614
60614
23729
39672
45753
50327
52547
56282
58462
58462
58462
58462
58462
36172
43745
48004
51385
53877
57556
57556
57556
57556
57556
57556
41201
45779
50267
53957
55401
55401
55401
55401
55401
55401
55401
43748
47564
50662
54465
54465
54465
54465
54465
54465
54465
54465
45330
48998
48943
48943
48943
48943
48943
48943
48943
48943
48943
45183
26454
26454
26454
26454
26454
26454
26454
26454
26454
26454
30783
42020
77866
77867
77867
77867
77867
77867
77867
77867
77867
77867
62182
70308
73783
74434
74750
76603
76645
76630
76652
76652
76652
62183
66984
70309
71300
73784
74171
74434
74719
74719
74719
74719
62182
65944
67166
70309
70921
71380
73784
73784
73784
73784
73784
62182
65320
66984
67262
70308
70799
70799
70799
70799
70799
70799
62183
64825
66608
67171
67922
67922
67922
67922
67922
67922
67922
62183
64318
65946
66983
66983
66983
66983
66983
66983
66983
66983
62182
63722
65533
65533
65533
65533
65533
65533
65533
65533
65533
62182
63248
63248
63248
63248
63248
63248
63248
63248
63248
63248
62182
53648
65956
73315
74454
76349
76663
76677
76769
77846
77855
77855
54190
66955
70947
73641
74538
75293
75441
76077
76034
76034
76034
60586
66026
68420
71371
72442
72701
73069
74804
74804
74804
74804
61279
65506
67082
68976
70627
71931
72664
72664
72664
72664
72664
61669
64789
66381
68321
69172
70553
70553
70553
70553
70553
70553
61919
64026
66173
66516
68571
68571
68571
68571
68571
68571
68571
61878
63638
65855
66430
66430
66430
66430
66430
66430
66430
66430
61886
63370
65243
65243
65243
65243
65243
65243
65243
65243
65243
61911
63075
63075
63075
63075
63075
63075
63075
63075
63075
63075
61871
53657
52494
65955
71405
73321
74213
74454
76334
76345
76510
76510
35194
59544
67751
70917
72322
73995
74384
74489
76090
76090
76090
54190
62914
66955
70193
70947
72376
73644
74186
74186
74186
74186
59308
63145
66519
67567
70795
71108
71623
71623
71623
71623
71623
60587
63210
66026
67322
68421
70282
70282
70282
70282
70282
70282
61116
62853
65567
66820
67947
67947
67947
67947
67947
67947
67947
61279
62640
65505
66036
66036
66036
66036
66036
66036
66036
66036
61515
62773
65143
65143
65143
65143
65143
65143
65143
65143
65143
61669
62673
62673
62673
62673
62673
62673
62673
62673
62673
62673
61801
53658
41630
58786
65955
69887
71998
73321
74120
74279
74454
74454
19311
50682
61951
67847
70625
71540
72919
74037
74319
74319
74319
43890
58618
64089
67712
69880
71169
71382
73640
73640
73640
73640
54235
62252
65147
66955
68635
70392
70948
70948
70948
70948
70948
58703
62339
64346
66517
67460
70431
70431
70431
70431
70431
70431
59825
62265
64508
66417
67103
67103
67103
67103
67103
67103
67103
60587
62111
64025
66026
66026
66026
66026
66026
66026
66026
66026
61078
62184
63784
63784
63784
63784
63784
63784
63784
63784
63784
61124
62183
62183
62183
62183
62183
62183
62183
62183
62183
62183
61279
53658
34883
52481
60939
65955
69344
71405
72203
73315
74072
74072
19279
42164
55685
63098
67194
69058
71344
71941
73062
73062
73062
35191
51078
59535
64562
67752
69348
70917
71338
71338
71338
71338
49034
57547
62983
66257
67147
68919
70850
70850
70850
70850
70850
54190
61003
62914
66115
66955
67863
67863
67863
67863
67863
67863
58376
61711
63111
65222
66496
66496
66496
66496
66496
66496
66496
59308
62030
63167
65486
65486
65486
65486
65486
65486
65486
65486
60001
61893
63099
63099
63099
63099
63099
63099
63099
63099
63099
60587
61757
61757
61757
61757
61757
61757
61757
61757
61757
61757
61033
53658
36144
46570
55941
61693
65956
68827
70451
71918
72314
72314
19277
36574
50954
58242
63470
66834
68839
70961
71615
71615
71615
19321
43322
54485
61026
64910
67781
68794
70916
70916
70916
70916
42993
52946
59513
63520
66104
67743
68736
68736
68736
68736
68736
51809
57136
61630
63633
66965
67272
67272
67272
67272
67272
67272
54235
59219
62602
63929
66545
66545
66545
66545
66545
66545
66545
58191
60949
62755
63657
63657
63657
63657
63657
63657
63657
63657
58921
61600
62618
62618
62618
62618
62618
62618
62618
62618
62618
59674
61777
61777
61777
61777
61777
61777
61777
61777
61777
61777
60139
56867
83280
83280
83280
83280
83280
83280
83280
83280
83280
83280
69342
77999
80593
81653
81902
81729
83388
83123
83019
83019
83019
69342
74798
78000
78674
80595
81378
81653
81828
81828
81828
81828
69342
73371
77010
78000
78684
78648
80595
80595
80595
80595
80595
69342
72600
74798
77201
78000
78604
78604
78604
78604
78604
78604
69342
72199
74024
75014
77338
77338
77338
77338
77338
77338
77338
69342
71930
73371
74798
74798
74798
74798
74798
74798
74798
74798
69342
71683
72912
72912
72912
72912
72912
72912
72912
72912
72912
69342
71550
71550
71550
71550
71550
71550
71550
71550
71550
71550
69342
64080
71946
78673
80816
81682
82886
83028
82834
82697
82964
82964
64966
74589
78362
79769
81649
81772
82100
82218
82237
82237
82237
69680
74173
77259
78794
79618
79978
80578
81220
81220
81220
81220
69337
73039
75188
77731
78204
79255
79856
79856
79856
79856
79856
69167
72436
74627
75914
77979
78349
78349
78349
78349
78349
78349
69271
72190
73485
75035
76850
76850
76850
76850
76850
76850
76850
69333
72039
73159
74412
74412
74412
74412
74412
74412
74412
74412
69353
71841
72884
72884
72884
72884
72884
72884
72884
72884
72884
69356
71723
71723
71723
71723
71723
71723
71723
71723
71723
71723
69355
64080
59196
71946
76488
78674
80416
80816
80822
81682
82709
82709
48640
67797
74632
77990
79450
80641
81056
81326
81470
81470
81470
64966
71245
74590
77556
78362
78920
79769
81105
81105
81105
81105
68734
72580
74269
76626
78231
78655
79060
79060
79060
79060
79060
69681
71956
74173
75017
77258
77995
77995
77995
77995
77995
77995
69521
71304
73648
74599
75896
75896
75896
75896
75896
75896
75896
69337
71238
73038
74487
74487
74487
74487
74487
74487
74487
74487
69275
71124
72658
72658
72658
72658
72658
72658
72658
72658
72658
69167
71077
71077
71077
71077
71077
71077
71077
71077
71077
71077
69237
64080
49460
65215
71946
75733
78175
78673
80224
80716
80816
80816
20622
58904
68658
74501
76953
77997
79532
80579
80889
80889
80889
57053
66872
72220
74898
77566
78212
78687
79611
79611
79611
79611
64966
70176
73960
74590
77051
77843
78362
78362
78362
78362
78362
67350
70910
73709
74438
75625
77927
77927
77927
77927
77927
77927
69127
70823
73758
74241
74835
74835
74835
74835
74835
74835
74835
69681
70495
73273
74173
74173
74173
74173
74173
74173
74173
74173
69623
70295
72540
72540
72540
72540
72540
72540
72540
72540
72540
69426
70506
70506
70506
70506
70506
70506
70506
70506
70506
70506
69337
64080
48273
59194
66996
71946
75377
76487
78234
78673
80039
80039
20402
50443
62573
69769
73781
75173
77761
78500
79472
79472
79472
48637
61448
67797
71822
74632
76623
77990
78181
78181
78181
78181
59025
66167
70333
73793
75049
77015
77791
77791
77791
77791
77791
64966
69514
71245
74048
74589
76714
76714
76714
76714
76714
76714
66694
70165
72346
73959
74630
74630
74630
74630
74630
74630
74630
68734
70315
72579
73861
73861
73861
73861
73861
73861
73861
73861
69260
70208
72429
72429
72429
72429
72429
72429
72429
72429
72429
69680
70082
70082
70082
70082
70082
70082
70082
70082
70082
70082
69667
64080
52344
54025
63448
68109
71946
74469
75976
77684
78313
78313
20386
44414
57757
65603
70356
72933
75047
76644
77957
77957
77957
34697
55129
63476
68298
71594
74516
75477
77619
77619
77619
77619
54314
62441
67348
70758
73840
74882
76685
76685
76685
76685
76685
61297
65984
69862
71941
74223
74955
74955
74955
74955
74955
74955
64966
68529
70556
73195
74124
74124
74124
74124
74124
74124
74124
66460
69725
71122
73199
73199
73199
73199
73199
73199
73199
73199
68133
69915
71636
71636
71636
71636
71636
71636
71636
71636
71636
69048
69938
69938
69938
69938
69938
69938
69938
69938
69938
69938
69373
65571
89461
89461
89461
89461
89461
89461
89461
89461
89461
89461
80554
86565
88944
88231
89613
89883
89721
89832
89925
89925
89925
80554
84252
86565
87425
88944
88169
88231
89182
89182
89182
89182
80554
83040
85108
86565
86956
88364
88944
88944
88944
88944
88944
80554
82448
84251
85555
86565
86827
86827
86827
86827
86827
86827
80554
81837
83623
84773
85946
85946
85946
85946
85946
85946
85946
80554
81521
83039
84251
84251
84251
84251
84251
84251
84251
84251
80554
81344
82688
82688
82688
82688
82688
82688
82688
82688
82688
80554
81183
81183
81183
81183
81183
81183
81183
81183
81183
81183
80554
74567
79375
87341
88080
88939
89253
89441
89825
89862
89455
89455
72271
78026
80397
87132
89111
88985
89786
89680
89675
89675
89675
78435
78451
78483
79744
81385
82691
83534
83790
83790
83790
83790
79641
82760
85140
86379
87024
87798
88576
88576
88576
88576
88576
80211
82026
84347
85491
86474
86884
86884
86884
86884
86884
86884
80323
81649
83630
84848
85742
85742
85742
85742
85742
85742
85742
80362
81432
82898
84359
84359
84359
84359
84359
84359
84359
84359
80384
81264
82456
82456
82456
82456
82456
82456
82456
82456
82456
80430
81152
81152
81152
81152
81152
81152
81152
81152
81152
81152
80461
74567
62062
79375
84747
87341
88017
88080
88483
88939
89187
89187
57217
75736
82434
85765
87086
88500
88792
88548
89121
89121
89121
72271
78238
78026
77979
80398
81777
87134
88975
88975
88975
88975
78402
78440
78463
78450
78571
80253
81392
81392
81392
81392
81392
78435
78465
78451
78462
78483
78515
78515
78515
78515
78515
78515
78456
78547
83027
84603
85939
85939
85939
85939
85939
85939
85939
79642
80787
82759
84252
84252
84252
84252
84252
84252
84252
84252
79962
80974
82401
82401
82401
82401
82401
82401
82401
82401
82401
80211
81040
81040
81040
81040
81040
81040
81040
81040
81040
81040
80318
74567
62938
69118
79375
82844
85335
87341
87789
88053
88080
88080
30884
67052
74978
81459
84673
85460
86646
87800
88157
88157
88157
65605
68221
75391
75636
77975
86227
86819
88187
88187
88187
88187
72271
76147
78137
78026
77991
79478
80398
80398
80398
80398
80398
78406
78407
78453
78476
78424
78561
78561
78561
78561
78561
78561
78410
78439
78453
78453
78438
78438
78438
78438
78438
78438
78438
78435
78460
78469
78451
78451
78451
78451
78451
78451
78451
78451
78448
78475
78507
78507
78507
78507
78507
78507
78507
78507
78507
78501
80520
80520
80520
80520
80520
80520
80520
80520
80520
80520
79642
74567
63163
62060
71721
79375
82243
84747
85665
87341
87714
87714
21824
55918
67709
75616
80544
83250
84857
85591
86790
86790
86790
57217
70756
75733
80626
82435
84957
85765
86200
86200
86200
86200
61126
69604
74518
76635
76661
76623
78972
78972
78972
78972
78972
72271
75368
78238
78110
78026
77993
77993
77993
77993
77993
77993
77000
78400
78428
78464
78399
78399
78399
78399
78399
78399
78399
78402
78420
78440
78455
78455
78455
78455
78455
78455
78455
78455
78419
78438
78458
78458
78458
78458
78458
78458
78458
78458
78458
78435
78455
78455
78455
78455
78455
78455
78455
78455
78455
78455
78440
74567
67779
60242
66117
73012
79375
81989
83915
84998
85858
85858
21842
48501
62259
70324
75900
79570
82398
83965
85179
85179
85179
48974
63397
71946
77454
79372
81800
83429
85325
85325
85325
85325
63301
71648
77679
73930
74204
74632
76054
76054
76054
76054
76054
65531
69867
73734
77194
77120
77128
77128
77128
77128
77128
77128
72271
74988
76917
78170
78096
78096
78096
78096
78096
78096
78096
76145
78383
78407
78445
78445
78445
78445
78445
78445
78445
78445
78408
78409
78421
78421
78421
78421
78421
78421
78421
78421
78421
78402
78421
78421
78421
78421
78421
78421
78421
78421
78421
78421
78422
86201
96150
96150
96150
96150
96150
96150
96150
96150
96150
96150
93373
93359
94134
94843
95244
95426
95752
95763
95790
95790
95790
93373
93372
93359
93394
94134
94525
94843
95181
95181
95181
95181
93373
93378
93364
93359
93363
93776
94134
94134
94134
94134
94134
93373
93379
93372
93363
93359
93361
93361
93361
93361
93361
93361
93373
93379
93377
93367
93363
93363
93363
93363
93363
93363
93363
93373
93379
93378
93372
93372
93372
93372
93372
93372
93372
93372
93373
93379
93379
93379
93379
93379
93379
93379
93379
93379
93379
93373
93378
93378
93378
93378
93378
93378
93378
93378
93378
93378
93373
92991
89501
95968
97235
97651
97840
97910
97977
98016
98031
98031
91876
93267
93758
94591
95240
95349
95715
95760
95769
95769
95769
93351
93364
93352
93369
94075
94377
94840
94966
94966
94966
94966
93370
93371
93360
93357
93361
93726
94105
94105
94105
94105
94105
93376
93375
93367
93361
93358
93360
93360
93360
93360
93360
93360
93377
93376
93372
93365
93362
93362
93362
93362
93362
93362
93362
93377
93377
93375
93370
93370
93370
93370
93370
93370
93370
93370
93377
93377
93376
93376
93376
93376
93376
93376
93376
93376
93376
93376
93377
93377
93377
93377
93377
93377
93377
93377
93377
93377
93376
92991
76444
89501
94138
95969
96875
97235
97252
97651
97825
97825
80944
89292
91819
93405
94264
94807
95226
95565
95784
95784
95784
91876
93331
93267
93320
93758
94409
94591
94887
94887
94887
94887
93340
93357
93358
93349
93358
93541
94026
94026
94026
94026
94026
93351
93366
93364
93356
93352
93357
93357
93357
93357
93357
93357
93362
93371
93369
93360
93356
93356
93356
93356
93356
93356
93356
93370
93375
93371
93367
93367
93367
93367
93367
93367
93367
93367
93374
93377
93374
93374
93374
93374
93374
93374
93374
93374
93374
93376
93377
93377
93377
93377
93377
93377
93377
93377
93377
93377
93377
92991
75773
82943
89501
93401
95043
95969
96760
97084
97235
97235
63988
84240
87486
90313
92595
93617
94201
94662
94951
94951
94951
85187
90538
92515
92554
93034
93733
94206
94575
94575
94575
94575
91876
93293
93313
93267
93270
93637
93758
93758
93758
93758
93758
93337
93348
93357
93356
93352
93350
93350
93350
93350
93350
93350
93344
93355
93361
93358
93354
93354
93354
93354
93354
93354
93354
93351
93364
93366
93364
93364
93364
93364
93364
93364
93364
93364
93358
93367
93371
93371
93371
93371
93371
93371
93371
93371
93371
93365
93372
93372
93372
93372
93372
93372
93372
93372
93372
93372
93370
92991
77607
76443
84667
89501
92990
94137
95224
95968
96547
96547
58167
76302
86315
90839
93426
91624
92669
96861
97114
97114
97114
80943
84312
89291
91586
91819
92679
93405
93911
93911
93911
93911
87976
90785
92541
92873
92863
92918
93586
93586
93586
93586
93586
91876
92881
93331
93296
93267
93264
93264
93264
93264
93264
93264
93326
93342
93350
93359
93356
93356
93356
93356
93356
93356
93356
93340
93348
93357
93360
93360
93360
93360
93360
93360
93360
93360
93345
93353
93359
93359
93359
93359
93359
93359
93359
93359
93359
93351
93361
93361
93361
93361
93361
93361
93361
93361
93361
93361
93359
92991
80196
71728
80356
85742
89501
92138
93520
95001
95414
95414
59141
67672
80319
86907
90653
92923
94002
95849
96473
96473
96473
59156
74872
83580
88558
90803
90991
92138
92948
92948
92948
92948
80643
86514
89858
91998
92269
92354
92351
92351
92351
92351
92351
89068
90995
92328
93045
93015
93009
93009
93009
93009
93009
93009
91876
92588
93324
93321
93286
93286
93286
93286
93286
93286
93286
93308
93336
93347
93354
93354
93354
93354
93354
93354
93354
93354
93337
93344
93349
93349
93349
93349
93349
93349
93349
93349
93349
93344
93347
93347
93347
93347
93347
93347
93347
93347
93347
93347
93347
1.0989e+05
1.0989e+05
1.0989e+05
1.0989e+05
1.0989e+05
1.0989e+05
1.0989e+05
1.0989e+05
1.0989e+05
1.0989e+05
1.0989e+05
1.0989e+05
1.0989e+05
1.0989e+05
1.0989e+05
1.0989e+05
1.0989e+05
1.0989e+05
1.0989e+05
1.0989e+05
1.0989e+05
1.0989e+05
1.0989e+05
1.0989e+05
1.0989e+05
1.0989e+05
1.0989e+05
1.0989e+05
1.0989e+05
1.0989e+05
1.0989e+05
1.0989e+05
1.0989e+05
1.0989e+05
1.0989e+05
1.0989e+05
1.0989e+05
1.0989e+05
1.0989e+05
1.0989e+05
1.0989e+05
1.0989e+05
1.0989e+05
1.0989e+05
1.0989e+05
1.0989e+05
1.0989e+05
1.0989e+05
1.0989e+05
1.0989e+05
1.0989e+05
1.0989e+05
1.0989e+05
1.0989e+05
1.0989e+05
1.0989e+05
1.0989e+05
1.0989e+05
1.0989e+05
1.0989e+05
1.0989e+05
1.0989e+05
1.0989e+05
1.0989e+05
1.0989e+05
1.0989e+05
1.0989e+05
1.0989e+05
1.0989e+05
1.0989e+05
1.0989e+05
1.0989e+05
1.0989e+05
1.0989e+05
1.0989e+05
1.0989e+05
1.0989e+05
1.0989e+05
1.0989e+05
1.0989e+05
1.0989e+05
1.0989e+05
1.0989e+05
1.0989e+05
1.0989e+05
1.0989e+05
1.0989e+05
1.0989e+05
1.0989e+05
1.0989e+05
1.0989e+05
1.0989e+05
1.0989e+05
1.0989e+05
1.0989e+05
1.0989e+05
1.0989e+05
1.0989e+05
1.0989e+05
1.0989e+05
1.0989e+05
1.0989e+05
1.0989e+05
1.0989e+05
1.0989e+05
1.0989e+05
1.0989e+05
1.0989e+05
1.0989e+05
1.0989e+05
1.0989e+05
1.0989e+05
1.0989e+05
1.0989e+05
1.0989e+05
1.0989e+05
1.0989e+05
1.0989e+05
1.0989e+05
1.0989e+05
1.0989e+05
1.0989e+05
1.0989e+05
1.0989e+05
1.0989e+05
1.0989e+05
1.0989e+05
1.0989e+05
1.0989e+05
1.0989e+05
1.0989e+05
1.0989e+05
1.0989e+05
1.0989e+05
1.0989e+05
1.0989e+05
1.0989e+05
1.0989e+05
1.0989e+05
1.0989e+05
1.0989e+05
1.0989e+05
1.0989e+05
1.0989e+05
1.0989e+05
1.0989e+05
1.0989e+05
1.0989e+05
1.0989e+05
1.0989e+05
1.0989e+05
1.0989e+05
1.0989e+05
1.0989e+05
1.0989e+05
1.0989e+05
1.0989e+05
1.0989e+05
1.0989e+05
1.0989e+05
1.0989e+05
1.0989e+05
1.0989e+05
1.0989e+05
1.0989e+05
1.0989e+05
1.0989e+05
1.0989e+05
1.0989e+05
1.0989e+05
1.0989e+05
1.0989e+05
1.0989e+05
1.0989e+05
1.0989e+05
1.0989e+05
1.0989e+05
1.0989e+05
1.0989e+05
1.0989e+05
1.0989e+05
1.0989e+05
1.0989e+05
1.0989e+05
1.0989e+05
1.0989e+05
1.0989e+05
1.0989e+05
1.0989e+05
1.0989e+05
1.0989e+05
1.0989e+05
1.0989e+05
1.0989e+05
1.0989e+05
1.0989e+05
1.0989e+05
1.0989e+05
1.0989e+05
1.0989e+05
1.0989e+05
1.0989e+05
1.0989e+05
1.0989e+05
1.0989e+05
1.0989e+05
1.0989e+05
1.0989e+05
1.0989e+05
1.0989e+05
1.0989e+05
1.0989e+05
1.0989e+05
1.0989e+05
1.0989e+05
1.0989e+05
1.0989e+05
1.0989e+05
1.0989e+05
1.0989e+05
1.0989e+05
1.0989e+05
1.0989e+05
1.0989e+05
1.0989e+05
1.0989e+05
1.0989e+05
1.0989e+05
1.0989e+05
1.0989e+05
1.0989e+05
1.0989e+05
1.0989e+05
1.0989e+05
1.0989e+05
1.0989e+05
1.0989e+05
1.0989e+05
1.0989e+05
1.0989e+05
1.0989e+05
1.0989e+05
1.0989e+05
1.0989e+05
1.0989e+05
1.0989e+05
1.0989e+05
1.0989e+05
1.0989e+05
1.0989e+05
1.0989e+05
1.0989e+05
1.0989e+05
1.0989e+05
1.0989e+05
1.0989e+05
1.0989e+05
1.0989e+05
1.0989e+05
1.0989e+05
1.0989e+05
1.0989e+05
1.0989e+05
1.0989e+05
1.0989e+05
1.0989e+05
1.0989e+05
1.0989e+05
1.0989e+05
1.0989e+05
1.0989e+05
1.0989e+05
1.0989e+05
1.0989e+05
1.0989e+05
1.0989e+05
1.0989e+05
1.0989e+05
1.0989e+05
1.0989e+05
1.0989e+05
1.0989e+05
1.0989e+05
1.0989e+05
1.0989e+05
1.0989e+05
1.0989e+05
1.0989e+05
1.0989e+05
1.0989e+05
1.0989e+05
1.0989e+05
1.0989e+05
1.0989e+05
1.0989e+05
1.0989e+05
1.0989e+05
1.0989e+05
1.0989e+05
1.0989e+05
1.0989e+05
1.0989e+05
1.0989e+05
1.0989e+05
1.0989e+05
1.0989e+05
1.0989e+05
1.0989e+05
1.0989e+05
1.0989e+05
1.0989e+05
1.0989e+05
1.0989e+05
1.0989e+05
1.0989e+05
1.0989e+05
1.0989e+05
1.0989e+05
1.0989e+05
1.0989e+05
1.0989e+05
1.0989e+05
1.0989e+05
1.0989e+05
1.0989e+05
1.0989e+05
1.0989e+05
1.0989e+05
1.0989e+05
1.0989e+05
1.0989e+05
1.0989e+05
1.0989e+05
1.0989e+05
1.0989e+05
1.0989e+05
1.0989e+05
1.0989e+05
1.0989e+05
1.0989e+05
1.0989e+05
1.0989e+05
1.0989e+05
1.0989e+05
1.0989e+05
1.0989e+05
1.0989e+05
1.0989e+05
1.0989e+05
1.0989e+05
1.0989e+05
1.0989e+05
1.0989e+05
1.0989e+05
1.0989e+05
1.0989e+05
1.0989e+05
1.0989e+05
1.0989e+05
1.0989e+05
1.0989e+05
1.0989e+05
1.0989e+05
1.0989e+05
1.0989e+05
1.0989e+05
1.0989e+05
1.0989e+05
1.0989e+05
1.0989e+05
1.0989e+05
1.0989e+05
1.0989e+05
1.0989e+05
1.0989e+05
1.0989e+05
1.0989e+05
1.0989e+05
1.0989e+05
1.0989e+05
1.0989e+05
1.0989e+05
1.0989e+05
1.0989e+05
1.0989e+05
1.0989e+05
1.0989e+05
1.0989e+05
1.0989e+05
1.0989e+05
1.0989e+05
1.0989e+05
1.0989e+05
1.0989e+05
1.0989e+05
1.0989e+05
1.0989e+05
1.0989e+05
1.0989e+05
1.0989e+05
1.0989e+05
1.0989e+05
1.0989e+05
1.0989e+05
1.0989e+05
1.0989e+05
1.0989e+05
1.0989e+05
1.0989e+05
1.0989e+05
1.0989e+05
1.0989e+05
1.0989e+05
1.0989e+05
1.0989e+05
1.0989e+05
1.0989e+05
1.0989e+05
1.0989e+05
1.0989e+05
1.0989e+05
1.0989e+05
1.0989e+05
1.0989e+05
1.0989e+05
1.0989e+05
1.0989e+05
1.0989e+05
1.0989e+05
1.0989e+05
1.0989e+05
1.0989e+05
1.0989e+05
1.0989e+05
1.0989e+05
1.0989e+05
1.0989e+05
1.0989e+05
1.0989e+05
1.0989e+05
1.0989e+05
1.0989e+05
1.0989e+05
1.0989e+05
1.0989e+05
1.0989e+05
1.0989e+05
1.0989e+05
1.0989e+05
1.0989e+05
1.0989e+05
1.0989e+05
1.0989e+05
1.0989e+05
1.0989e+05
1.0989e+05
1.0989e+05
1.0989e+05
1.0989e+05
1.0989e+05
1.0989e+05
1.0989e+05
1.0989e+05
1.0989e+05
1.0989e+05
1.0989e+05
1.0989e+05
1.0989e+05
1.0989e+05
1.0989e+05
1.0989e+05
1.0989e+05
1.0989e+05
1.0989e+05
1.0989e+05
1.0989e+05
1.0989e+05
1.0989e+05
1.0989e+05
1.0989e+05
1.0989e+05
1.0989e+05
1.0989e+05
1.0989e+05
1.0989e+05
1.0989e+05
1.0989e+05
1.0989e+05
1.0989e+05
1.0989e+05
1.0989e+05
1.0989e+05
1.0989e+05
1.0989e+05
1.0989e+05
1.0989e+05
1.0989e+05
1.0989e+05
1.0989e+05
1.0989e+05
1.0989e+05
1.0989e+05
1.0989e+05
1.0989e+05
1.0989e+05
1.0989e+05
1.0989e+05
1.0989e+05
1.0989e+05
1.0989e+05
1.0989e+05
1.0989e+05
1.0989e+05
1.0989e+05
1.0989e+05
1.0989e+05
1.0989e+05
1.0989e+05
1.0989e+05
1.0989e+05
1.0989e+05
1.0989e+05
1.0989e+05
1.0989e+05
1.0989e+05
1.0989e+05
1.0989e+05
1.0989e+05
1.0989e+05
1.0989e+05
1.0989e+05
1.0989e+05
1.0989e+05
1.0989e+05
1.0989e+05
1.0989e+05
1.0989e+05
1.0989e+05
1.0989e+05
1.0989e+05
1.0989e+05
1.0989e+05
1.0989e+05
1.0989e+05
1.0989e+05
1.0989e+05
1.0989e+05
1.0989e+05
1.0989e+05
1.0989e+05
1.0989e+05
1.0989e+05
1.0989e+05
1.0989e+05
1.0989e+05
1.0989e+05
1.0989e+05
1.0989e+05
1.0989e+05
1.0989e+05
1.0989e+05
1.0989e+05
1.0989e+05
1.0989e+05
1.0989e+05
1.0989e+05
1.0989e+05
1.0989e+05
1.0989e+05
1.0989e+05
1.0989e+05
1.0989e+05
1.0989e+05
1.0989e+05
1.0989e+05
1.0989e+05
1.0989e+05
1.0989e+05
1.0989e+05
1.0989e+05
1.0989e+05
1.0989e+05
1.0989e+05
1.0989e+05
1.0989e+05
1.0989e+05
1.0989e+05
1.0989e+05
1.0989e+05
1.0989e+05
1.0989e+05
1.0989e+05
1.0989e+05
1.0989e+05
1.0989e+05
1.0989e+05
1.0989e+05
1.0989e+05
1.0989e+05
1.0989e+05
