0.032967
0.032967
0.032967
0.032967
0.032967
0.032967
0.032967
0.032967
0.032967
0.032967
0.032967
0.032967
0.032967
0.032967
0.032967
0.032967
0.032967
0.032967
0.032967
0.032967
0.032967
0.032967
0.032967
0.032967
0.032967
0.032967
0.032967
0.032967
0.032967
0.032967
0.032967
0.032967
0.032967
0.032967
0.032967
0.032967
0.032967
0.032967
0.032967
0.032967
0.032967
0.032967
0.032967
0.032967
0.032967
0.032967
0.032967
0.032967
0.032967
0.032967
0.032967
0.032967
0.032967
0.032967
0.032967
0.032967
0.032967
0.032967
0.032967
0.032967
0.032967
0.032967
0.032967
0.032967
0.032967
0.032967
0.032967
0.032967
0.032967
0.032967
0.032967
0.032967
0.032967
0.032967
0.032967
0.032967
0.032967
0.032967
0.032967
0.032967
0.032967
0.032967
0.032967
0.032967
0.032967
0.032967
0.032967
0.032967
0.032967
0.032967
0.032967
0.032967
0.032967
0.032967
0.032967
0.032967
0.032967
0.032967
0.032967
0.032967
0.032967
0.032967
0.032967
0.032967
0.032967
0.032967
0.032967
0.032967
0.032967
0.032967
0.032967
0.032967
0.032967
0.032967
0.032967
0.032967
0.032967
0.032967
0.032967
0.032967
0.032967
0.032967
0.032967
0.032967
0.032967
0.032967
0.032967
0.032967
0.032967
0.032967
0.032967
0.032967
0.032967
0.032967
0.032967
0.032967
0.032967
0.032967
0.032967
0.032967
0.032967
0.032967
0.032967
0.032967
0.032967
0.032967
0.032967
0.032967
0.032967
0.032967
0.032967
0.032967
0.032967
0.032967
0.032967
0.032967
0.032967
0.032967
0.032967
0.032967
0.032967
0.032967
0.032967
0.032967
0.032967
0.032967
0.032967
0.032967
0.032967
0.032967
0.032967
0.032967
0.032967
0.032967
0.032967
0.032967
0.032967
0.032967
0.032967
0.032967
0.032967
0.032967
0.032967
0.032967
0.032967
0.032967
0.032967
0.032967
0.032967
0.032967
0.032967
0.032967
0.032967
0.032967
0.032967
0.032967
0.032967
0.032967
0.032967
0.032967
0.032967
0.032967
0.032967
0.032967
0.032967
0.032967
0.032967
0.032967
0.032967
0.032967
0.032967
0.032967
0.032967
0.032967
0.032967
0.032967
0.032967
0.032967
0.032967
0.032967
0.032967
0.032967
0.032967
0.032967
0.032967
0.032967
0.032967
0.032967
0.032967
0.032967
0.032967
0.032967
0.032967
0.032967
0.032967
0.032967
0.032967
0.032967
0.032967
0.032967
0.032967
0.032967
0.032967
0.032967
0.032967
0.032967
0.032967
0.032967
0.032967
0.032967
0.032967
0.032967
0.032967
0.032967
0.032967
0.032967
0.032967
0.032967
0.032967
0.032967
0.032967
0.032967
0.032967
0.032967
0.032967
0.032967
0.032967
0.032967
0.032967
0.032967
0.032967
0.032967
0.032967
0.032967
0.032967
0.032967
0.032967
0.032967
0.032967
0.032967
0.032967
0.032967
0.032967
0.032967
0.032967
0.032967
0.032967
0.032967
0.032967
0.032967
0.032967
0.032967
0.032967
0.032967
0.032967
0.032967
0.032967
0.032967
0.032967
0.032967
0.032967
0.032967
0.032967
0.032967
0.032967
0.032967
0.032967
0.032967
0.032967
0.032967
0.032967
0.032967
0.032967
0.032967
0.032967
0.032967
0.032967
0.032967
0.032967
0.032967
0.032967
0.032967
0.032967
0.032967
0.032967
0.032967
0.032967
0.032967
0.032967
0.032967
0.032967
0.032967
0.032967
0.032967
0.032967
0.032967
0.032967
0.032967
0.032967
0.032967
0.032967
0.032967
0.032967
0.032967
0.032967
0.032967
0.032967
0.032967
0.032967
0.032967
0.032967
0.032967
0.032967
0.032967
0.032967
0.032967
0.032967
0.032967
0.032967
0.032967
0.032967
0.032967
0.032967
0.032967
0.032967
0.032967
0.032967
0.032967
0.032967
0.032967
0.032967
0.032967
0.032967
0.032967
0.032967
0.032967
0.032967
0.032967
0.032967
0.032967
0.032967
0.032967
0.032967
0.032967
0.032967
0.032967
0.032967
0.032967
0.032967
0.032967
0.032967
0.032967
0.032967
0.032967
0.032967
0.032967
0.032967
0.032967
0.032967
0.032967
0.032967
0.032967
0.032967
0.032967
0.032967
0.032967
0.032967
0.032967
0.032967
0.032967
0.032967
0.032967
0.032967
0.032967
0.032967
0.032967
0.032967
0.032967
0.032967
0.032967
0.032967
0.032967
0.032967
0.032967
0.032967
0.032967
0.032967
0.032967
0.032967
0.032967
0.032967
0.032967
0.032967
0.032967
0.032967
0.032967
0.032967
0.032967
0.032967
0.032967
0.032967
0.032967
0.032967
0.032967
0.032967
0.032967
0.032967
0.032967
0.032967
0.032967
0.032967
0.032967
0.032967
0.032967
0.032967
0.032967
0.032967
0.032967
0.032967
0.032967
0.032967
0.032967
0.032967
0.032967
0.032967
0.032967
0.032967
0.032967
0.032967
0.032967
0.032967
0.032967
0.032967
0.032967
0.032967
0.032967
0.032967
0.032967
0.032967
0.032967
0.032967
0.032967
0.032967
0.032967
0.032967
0.032967
0.032967
0.032967
0.032967
0.032967
0.032967
0.032967
0.032967
0.032967
0.032967
0.032967
0.032967
0.032967
0.032967
0.032967
0.032967
0.032967
0.032967
0.032967
0.032967
0.032967
0.032967
0.032967
0.032967
0.032967
0.032967
0.032967
0.032967
0.032967
0.032967
0.032967
0.032967
0.032967
0.032967
0.032967
0.032967
0.032967
0.032967
0.032967
0.032967
0.032967
0.032967
0.032967
0.032967
0.032967
0.032967
0.032967
0.032967
0.032967
0.032967
0.032967
0.032967
0.032967
0.032967
0.032967
0.032967
0.032967
0.032967
0.032967
0.032967
0.032967
0.032967
0.032967
0.032967
0.032967
0.032967
0.032967
0.032967
0.032967
0.032967
0.032967
0.032967
0.032967
0.032967
0.032967
0.032967
0.032967
0.032967
0.032967
0.032967
0.032967
0.032967
0.032967
0.032967
0.032967
0.032967
0.032967
0.032967
0.032967
0.032967
0.032967
0.032967
0.032967
0.032967
0.032967
0.032967
0.032967
0.032967
0.032967
0.032967
0.032967
0.032967
0.032967
0.032967
0.032967
0.032967
0.032967
0.032967
0.032967
0.032967
0.032967
0.032967
0.032967
0.032967
0.032967
0.035889
0.035601
0.035718
0.035719
0.035735
0.035749
0.035754
0.035757
0.03576
0.035743
0.035743
4.7724
0.035697
0.035739
0.03573
0.035743
0.035752
0.035754
0.035757
0.035758
0.035758
0.035758
4.7411
0.035762
0.035751
0.035737
0.035746
0.035751
0.035754
0.035755
0.035755
0.035755
0.035755
4.7417
0.03578
0.035756
0.035745
0.035745
0.035747
0.035751
0.035751
0.035751
0.035751
0.035751
4.7508
0.035755
0.035753
0.035741
0.035749
0.035744
0.035744
0.035744
0.035744
0.035744
0.035744
4.7528
0.035698
0.03577
0.035751
0.035746
0.035746
0.035746
0.035746
0.035746
0.035746
0.035746
4.7257
4.6885
0.035776
0.03576
0.03576
0.03576
0.03576
0.03576
0.03576
0.03576
0.03576
4.7271
4.6964
0.035784
0.035784
0.035784
0.035784
0.035784
0.035784
0.035784
0.035784
0.035784
4.7278
4.6925
4.6925
4.6925
4.6925
4.6925
4.6925
4.6925
4.6925
4.6925
4.6925
4.7282
0.035889
0.035621
0.035712
0.035722
0.035735
0.035749
0.035754
0.035757
0.035759
0.035742
0.035742
594.52
0.035713
0.035736
0.03573
0.035743
0.035752
0.035754
0.035757
0.035758
0.035758
0.035758
595.18
0.035777
0.035747
0.035751
0.035746
0.03575
0.035753
0.035755
0.035755
0.035755
0.035755
4.686
0.035741
0.03575
0.035745
0.035744
0.035747
0.035751
0.035751
0.035751
0.035751
0.035751
4.714
0.035703
0.035766
0.035739
0.035748
0.035744
0.035744
0.035744
0.035744
0.035744
0.035744
4.7343
0.035768
0.035786
0.035751
0.035745
0.035745
0.035745
0.035745
0.035745
0.035745
0.035745
4.7422
4.7001
0.035787
0.035757
0.035757
0.035757
0.035757
0.035757
0.035757
0.035757
0.035757
4.7178
4.698
0.035776
0.035776
0.035776
0.035776
0.035776
0.035776
0.035776
0.035776
0.035776
4.721
4.6923
4.6923
4.6923
4.6923
4.6923
4.6923
4.6923
4.6923
4.6923
4.6923
4.7231
49.208
652.44
0.035707
0.035728
0.035735
0.035748
0.035753
0.035757
0.035759
0.035742
0.035742
593.08
593.28
0.035738
0.035741
0.035743
0.035751
0.035754
0.035756
0.035758
0.035758
0.035758
587.04
599.23
0.035757
0.035747
0.035744
0.035748
0.035753
0.035754
0.035754
0.035754
0.035754
590.86
461.98
0.035771
0.035747
0.035741
0.035746
0.035749
0.035749
0.035749
0.035749
0.035749
636.78
182.43
0.035773
0.035756
0.035746
0.035744
0.035744
0.035744
0.035744
0.035744
0.035744
644.55
181.32
0.035774
0.035755
0.035741
0.035741
0.035741
0.035741
0.035741
0.035741
0.035741
4.7118
4.689
0.035773
0.035768
0.035768
0.035768
0.035768
0.035768
0.035768
0.035768
0.035768
4.704
4.7048
0.035761
0.035761
0.035761
0.035761
0.035761
0.035761
0.035761
0.035761
0.035761
4.7217
4.6875
4.6875
4.6875
4.6875
4.6875
4.6875
4.6875
4.6875
4.6875
4.6875
4.731
51.301
656.52
401.72
0.035728
0.03573
0.035744
0.035752
0.035756
0.035758
0.03576
0.03576
596.5
598.63
514.02
0.035735
0.03574
0.035746
0.035752
0.035755
0.035757
0.035757
0.035757
598.89
600.95
367.27
0.035743
0.035742
0.035746
0.035751
0.035753
0.035753
0.035753
0.035753
601.55
597.17
183.41
0.035756
0.03575
0.035744
0.035747
0.035747
0.035747
0.035747
0.035747
594.85
604.04
157.35
0.035758
0.035746
0.03574
0.03574
0.03574
0.03574
0.03574
0.03574
595.76
635.74
100.87
0.035772
0.035738
0.035738
0.035738
0.035738
0.035738
0.035738
0.035738
642.75
637.29
0.035704
0.035771
0.035771
0.035771
0.035771
0.035771
0.035771
0.035771
0.035771
636.86
638.15
0.035676
0.035676
0.035676
0.035676
0.035676
0.035676
0.035676
0.035676
0.035676
639.05
4.7349
4.7349
4.7349
4.7349
4.7349
4.7349
4.7349
4.7349
4.7349
4.7349
4.7122
701.23
598.11
646.2
64.598
0.035727
0.03574
0.03575
0.035753
0.035756
0.035759
0.035759
606.2
614.95
607.65
265.82
0.03574
0.035744
0.03575
0.035753
0.035755
0.035755
0.035755
595.14
597.21
612.03
161.97
0.035749
0.035745
0.035748
0.035752
0.035752
0.035752
0.035752
598.19
613.27
608.52
118.26
0.035745
0.035743
0.035745
0.035745
0.035745
0.035745
0.035745
612.21
607.69
627.53
0.035754
0.03574
0.03575
0.03575
0.03575
0.03575
0.03575
0.03575
605.27
598.51
685.11
0.035791
0.035756
0.035756
0.035756
0.035756
0.035756
0.035756
0.035756
593.99
601.79
466.87
0.035792
0.035792
0.035792
0.035792
0.035792
0.035792
0.035792
0.035792
610.71
614.25
409.16
409.16
409.16
409.16
409.16
409.16
409.16
409.16
409.16
627.63
631.69
631.69
631.69
631.69
631.69
631.69
631.69
631.69
631.69
631.69
628.61
702.91
599.74
647.45
514.06
63.695
0.03574
0.035743
0.035751
0.035754
0.035756
0.035756
625.8
602.04
600.17
664.35
143.53
0.035737
0.035744
0.035751
0.035753
0.035753
0.035753
586.81
604.63
603.81
670.14
0.035803
0.03574
0.035745
0.03575
0.03575
0.03575
0.03575
605.44
604.9
601.74
642.59
0.035805
0.035751
0.035746
0.035746
0.035746
0.035746
0.035746
603.9
601.56
614.24
459.78
0.035799
0.035745
0.035745
0.035745
0.035745
0.035745
0.035745
616.78
613.2
607.09
399.68
0.035781
0.035781
0.035781
0.035781
0.035781
0.035781
0.035781
610.68
605.47
595.13
184.75
184.75
184.75
184.75
184.75
184.75
184.75
184.75
602.16
594.52
599.6
599.6
599.6
599.6
599.6
599.6
599.6
599.6
599.6
610.62
597.64
597.64
597.64
597.64
597.64
597.64
597.64
597.64
597.64
597.64
598.16
0.038786
0.038499
0.038636
0.038767
0.038811
0.038763
0.038739
0.038725
0.038703
0.038684
0.038684
898.05
0.038675
0.038746
0.038736
0.03873
0.038722
0.038714
0.038701
0.03869
0.03869
0.03869
1136.9
0.038535
0.038417
0.038693
0.038701
0.038699
0.038696
0.038694
0.038694
0.038694
0.038694
1168.9
0.038475
0.03846
0.038669
0.038687
0.03869
0.038692
0.038692
0.038692
0.038692
0.038692
1177.1
0.038341
0.038669
0.038485
0.03864
0.038676
0.038676
0.038676
0.038676
0.038676
0.038676
1181.6
0.038343
0.038375
0.038451
0.038622
0.038622
0.038622
0.038622
0.038622
0.038622
0.038622
1181.2
0.03849
0.038604
0.038566
0.038566
0.038566
0.038566
0.038566
0.038566
0.038566
0.038566
1181.9
0.038401
0.038528
0.038528
0.038528
0.038528
0.038528
0.038528
0.038528
0.038528
0.038528
1182.3
0.038485
0.038485
0.038485
0.038485
0.038485
0.038485
0.038485
0.038485
0.038485
0.038485
1182.5
0.038786
0.03864
0.038654
0.038777
0.038807
0.038765
0.038738
0.038715
0.038696
0.03868
0.03868
2147.3
0.038723
0.038584
0.038729
0.038725
0.038721
0.038715
0.038705
0.038695
0.038695
0.038695
2142.2
0.038631
0.038509
0.038671
0.038703
0.038699
0.038696
0.038693
0.038693
0.038693
0.038693
2054.6
0.038488
0.038496
0.03868
0.038686
0.038694
0.03869
0.03869
0.03869
0.03869
0.03869
1644.2
0.038484
0.038698
0.038486
0.038643
0.03868
0.03868
0.03868
0.03868
0.03868
0.03868
1657.9
0.038384
0.038395
0.038446
0.038652
0.038652
0.038652
0.038652
0.038652
0.038652
0.038652
1559.8
0.038502
0.038584
0.038587
0.038587
0.038587
0.038587
0.038587
0.038587
0.038587
0.038587
1574.1
0.03834
0.038537
0.038537
0.038537
0.038537
0.038537
0.038537
0.038537
0.038537
0.038537
1195
0.038436
0.038436
0.038436
0.038436
0.038436
0.038436
0.038436
0.038436
0.038436
0.038436
1230.2
2163
2157
0.038637
0.038644
0.038785
0.038756
0.038732
0.038714
0.038698
0.038686
0.038686
2156.1
2157.8
0.038562
0.038707
0.038725
0.038714
0.038712
0.038708
0.038699
0.038699
0.038699
2153
2158
0.038488
0.038666
0.038716
0.038702
0.038695
0.038692
0.038692
0.038692
0.038692
2150.3
0.038154
0.038625
0.038441
0.038653
0.038694
0.038696
0.038696
0.038696
0.038696
0.038696
2146.4
0.038192
0.038648
0.03848
0.038673
0.03866
0.03866
0.03866
0.03866
0.03866
0.03866
2145.8
0.038298
0.038537
0.038456
0.038726
0.038726
0.038726
0.038726
0.038726
0.038726
0.038726
2051
0.03834
0.038528
0.038667
0.038667
0.038667
0.038667
0.038667
0.038667
0.038667
0.038667
1649.7
0.038406
0.038545
0.038545
0.038545
0.038545
0.038545
0.038545
0.038545
0.038545
0.038545
1643.5
0.038424
0.038424
0.038424
0.038424
0.038424
0.038424
0.038424
0.038424
0.038424
0.038424
1675.1
2165.4
2155.3
2150.6
0.038544
0.038738
0.03873
0.038728
0.03872
0.038709
0.038699
0.038699
2154.6
2158.3
0.038289
0.038506
0.038715
0.038715
0.038703
0.038703
0.038701
0.038701
0.038701
2155.8
2156
0.038394
0.038486
0.038674
0.038716
0.038695
0.038697
0.038697
0.038697
0.038697
2156.3
2156.4
0.038436
0.03848
0.038657
0.038688
0.0387
0.0387
0.0387
0.0387
0.0387
2142.1
2156.2
0.038527
0.038464
0.038453
0.038656
0.038656
0.038656
0.038656
0.038656
0.038656
2137.3
2156.6
0.038517
0.038596
0.038484
0.038484
0.038484
0.038484
0.038484
0.038484
0.038484
2150.1
2150.1
0.038368
0.038638
0.038638
0.038638
0.038638
0.038638
0.038638
0.038638
0.038638
2149.4
0.038342
0.038379
0.038379
0.038379
0.038379
0.038379
0.038379
0.038379
0.038379
0.038379
2138.1
0.038361
0.038361
0.038361
0.038361
0.038361
0.038361
0.038361
0.038361
0.038361
0.038361
2051.9
2162.8
2152.4
2153.9
0.038066
0.038693
0.038719
0.038708
0.038708
0.0387
0.038692
0.038692
2158.1
2153
2158.1
0.038489
0.038679
0.038723
0.038705
0.038695
0.038695
0.038695
0.038695
2157.7
2158.1
2156.7
0.038466
0.038517
0.038705
0.038705
0.038691
0.038691
0.038691
0.038691
2153.9
2154.6
2157.3
0.038518
0.038681
0.038648
0.038694
0.038694
0.038694
0.038694
0.038694
2142.3
2156.7
2150.4
0.038583
0.03847
0.038679
0.038679
0.038679
0.038679
0.038679
0.038679
2152.4
2147.9
0.038345
0.038636
0.038457
0.038457
0.038457
0.038457
0.038457
0.038457
0.038457
2152.8
2155.5
0.038162
0.038398
0.038398
0.038398
0.038398
0.038398
0.038398
0.038398
0.038398
2141.2
2151
0.03814
0.03814
0.03814
0.03814
0.03814
0.03814
0.03814
0.03814
0.03814
2150.8
2154.5
2154.5
2154.5
2154.5
2154.5
2154.5
2154.5
2154.5
2154.5
2154.5
2144.7
2165.8
2157.3
2156.9
2153.8
0.038467
0.038655
0.038714
0.038698
0.0387
0.038699
0.038699
2158.3
2153.5
2152.2
2156
0.038462
0.038656
0.038709
0.038698
0.038689
0.038689
0.038689
2158.4
2149.4
2158.1
2156.5
0.038483
0.038662
0.038687
0.038701
0.038701
0.038701
0.038701
2157
2157.4
2157.2
1760.5
0.038469
0.038699
0.03867
0.03867
0.03867
0.03867
0.03867
2154.4
2155.4
2151.5
0.03814
0.038499
0.038448
0.038448
0.038448
0.038448
0.038448
0.038448
2143.8
2145.9
2156.4
0.03839
0.038513
0.038513
0.038513
0.038513
0.038513
0.038513
0.038513
2154
2155.1
2157
0.03843
0.03843
0.03843
0.03843
0.03843
0.03843
0.03843
0.03843
2142.6
2156.1
2156
2156
2156
2156
2156
2156
2156
2156
2156
2146.6
2152.1
2152.1
2152.1
2152.1
2152.1
2152.1
2152.1
2152.1
2152.1
2152.1
2145.9
0.05114
0.04101
0.041075
0.041051
0.041069
0.041082
0.041065
0.041074
0.041083
0.041088
0.041088
3262.2
0.041115
0.041098
0.041061
0.041066
0.041091
0.041092
0.041098
0.041098
0.041098
0.041098
3286.2
0.041077
0.041128
0.041103
0.041099
0.041078
0.041077
0.041086
0.041086
0.041086
0.041086
3289.8
0.041026
0.040958
0.041059
0.041075
0.041118
0.041079
0.041079
0.041079
0.041079
0.041079
3291.2
0.04092
0.04109
0.041019
0.041046
0.041052
0.041052
0.041052
0.041052
0.041052
0.041052
3287.8
0.040915
0.040981
0.040936
0.041026
0.041026
0.041026
0.041026
0.041026
0.041026
0.041026
3292.3
0.040959
0.041008
0.0411
0.0411
0.0411
0.0411
0.0411
0.0411
0.0411
0.0411
3288.4
0.040857
0.041005
0.041005
0.041005
0.041005
0.041005
0.041005
0.041005
0.041005
0.041005
3288.5
0.040862
0.040862
0.040862
0.040862
0.040862
0.040862
0.040862
0.040862
0.040862
0.040862
3292.8
2985.9
0.041065
0.041097
0.041129
0.041054
0.041079
0.041069
0.041096
0.041083
0.041089
0.041089
3545.3
0.041032
0.041133
0.041129
0.041089
0.041092
0.041097
0.041104
0.041108
0.041108
0.041108
3548
0.041089
0.0411
0.041115
0.041137
0.041107
0.041094
0.041092
0.041092
0.041092
0.041092
3541.3
0.040863
0.040947
0.041055
0.041049
0.041119
0.041118
0.041118
0.041118
0.041118
0.041118
3523.5
0.040891
0.041101
0.041005
0.041046
0.041022
0.041022
0.041022
0.041022
0.041022
0.041022
3117.5
0.040848
0.040827
0.040952
0.041024
0.041024
0.041024
0.041024
0.041024
0.041024
0.041024
3089.9
0.040897
0.040997
0.041054
0.041054
0.041054
0.041054
0.041054
0.041054
0.041054
0.041054
2924.1
0.04086
0.040992
0.040992
0.040992
0.040992
0.040992
0.040992
0.040992
0.040992
0.040992
3056
0.040854
0.040854
0.040854
0.040854
0.040854
0.040854
0.040854
0.040854
0.040854
0.040854
3118.4
2986.5
3567.9
0.041089
0.041101
0.041052
0.041064
0.041075
0.041081
0.041086
0.04109
0.04109
3561
3566.3
0.041098
0.041091
0.041079
0.041077
0.041086
0.041095
0.0411
0.0411
0.0411
3549.6
0.040691
0.04096
0.04107
0.041111
0.041084
0.041075
0.041077
0.041077
0.041077
0.041077
3539.5
0.040868
0.041029
0.04104
0.041026
0.041101
0.041085
0.041085
0.041085
0.041085
0.041085
3544.3
0.040845
0.040962
0.040956
0.041044
0.041019
0.041019
0.041019
0.041019
0.041019
0.041019
3547.6
0.040868
0.041023
0.041001
0.041018
0.041018
0.041018
0.041018
0.041018
0.041018
0.041018
3546.7
0.040849
0.040937
0.041083
0.041083
0.041083
0.041083
0.041083
0.041083
0.041083
0.041083
3530.1
0.040878
0.040932
0.040932
0.040932
0.040932
0.040932
0.040932
0.040932
0.040932
0.040932
3511.8
0.040905
0.040905
0.040905
0.040905
0.040905
0.040905
0.040905
0.040905
0.040905
0.040905
3146.4
2987.8
3559.9
3561.8
0.041105
0.041105
0.041068
0.041076
0.041095
0.041101
0.041093
0.041093
3561
3567.9
0.040997
0.041091
0.041118
0.041078
0.041096
0.041092
0.04109
0.04109
0.04109
3554.4
3557
0.040961
0.041049
0.041035
0.04111
0.041073
0.041067
0.041067
0.041067
0.041067
3554.5
3555.1
0.040952
0.04095
0.04104
0.041048
0.041101
0.041101
0.041101
0.041101
0.041101
3551.4
3554.3
0.040902
0.040944
0.04103
0.041072
0.041072
0.041072
0.041072
0.041072
0.041072
3544.5
3551.1
0.040776
0.041057
0.040967
0.040967
0.040967
0.040967
0.040967
0.040967
0.040967
3548
2903
0.040856
0.04098
0.04098
0.04098
0.04098
0.04098
0.04098
0.04098
0.04098
3547
0.040782
0.040894
0.040894
0.040894
0.040894
0.040894
0.040894
0.040894
0.040894
0.040894
3546.3
0.040808
0.040808
0.040808
0.040808
0.040808
0.040808
0.040808
0.040808
0.040808
0.040808
3547.4
3575.5
3568
3565.3
0.041056
0.04111
0.041122
0.041101
0.041094
0.041095
0.041097
0.041097
3568.1
3564
3569.4
0.040985
0.04111
0.041109
0.041109
0.041072
0.041092
0.041092
0.041092
3562.2
3564.9
3564.8
0.040946
0.041042
0.04105
0.041111
0.041102
0.041102
0.041102
0.041102
3553.9
3556.4
3560.3
0.040922
0.041044
0.041071
0.041054
0.041054
0.041054
0.041054
0.041054
3557.1
3556.9
0.040681
0.04084
0.040968
0.041064
0.041064
0.041064
0.041064
0.041064
0.041064
3546.8
3546.6
0.040855
0.040828
0.040948
0.040948
0.040948
0.040948
0.040948
0.040948
0.040948
3546.8
3551.3
0.040856
0.040957
0.040957
0.040957
0.040957
0.040957
0.040957
0.040957
0.040957
3540.8
3557
0.040833
0.040833
0.040833
0.040833
0.040833
0.040833
0.040833
0.040833
0.040833
3548.1
3555.5
3555.5
3555.5
3555.5
3555.5
3555.5
3555.5
3555.5
3555.5
3555.5
3540.1
3570.8
3561.6
3559.1
3563.9
0.040996
0.04111
0.041118
0.041108
0.041079
0.041087
0.041087
3563.3
3566.6
3566.9
3561.8
0.040983
0.041096
0.041096
0.041112
0.041101
0.041101
0.041101
3565.9
3559.8
3561.5
3514
0.040958
0.041078
0.04106
0.041111
0.041111
0.041111
0.041111
3559.2
3561.7
3562.4
0.040862
0.040935
0.041068
0.041012
0.041012
0.041012
0.041012
0.041012
3553.1
3555.1
3563.9
0.040849
0.040935
0.041038
0.041038
0.041038
0.041038
0.041038
0.041038
3558
3556.8
3556.7
0.040893
0.040993
0.040993
0.040993
0.040993
0.040993
0.040993
0.040993
3545.6
3551
3557.3
0.040814
0.040814
0.040814
0.040814
0.040814
0.040814
0.040814
0.040814
3550.5
3552.4
3517.8
3517.8
3517.8
3517.8
3517.8
3517.8
3517.8
3517.8
3517.8
3542.2
3547.4
3547.4
3547.4
3547.4
3547.4
3547.4
3547.4
3547.4
3547.4
3547.4
3548.3
0.07655
0.043827
0.043837
0.043821
0.043834
0.043852
0.043845
0.043848
0.043849
0.04385
0.04385
4594.1
0.04372
0.043818
0.043827
0.043832
0.043838
0.043842
0.043844
0.043858
0.043858
0.043858
4056.8
0.043812
0.043756
0.043822
0.043829
0.043845
0.043837
0.043839
0.043839
0.043839
0.043839
421.43
0.043997
0.043799
0.043771
0.043824
0.043828
0.043833
0.043833
0.043833
0.043833
0.043833
419.06
0.044057
0.04382
0.043794
0.043787
0.043825
0.043825
0.043825
0.043825
0.043825
0.043825
422.48
0.04403
0.044036
0.043807
0.043803
0.043803
0.043803
0.043803
0.043803
0.043803
0.043803
424.09
0.04407
0.044094
0.043818
0.043818
0.043818
0.043818
0.043818
0.043818
0.043818
0.043818
424.11
0.044083
0.044002
0.044002
0.044002
0.044002
0.044002
0.044002
0.044002
0.044002
0.044002
428.4
0.044067
0.044067
0.044067
0.044067
0.044067
0.044067
0.044067
0.044067
0.044067
0.044067
427.81
4994
0.044087
0.043835
0.043817
0.043833
0.04384
0.043856
0.043859
0.04386
0.04385
0.04385
4827
0.043771
0.043819
0.043825
0.043832
0.043837
0.043841
0.043843
0.043857
0.043857
0.043857
4681
0.043852
0.043766
0.04383
0.043838
0.043835
0.043847
0.043838
0.043838
0.043838
0.043838
4257.5
0.044018
0.043797
0.04379
0.043833
0.043834
0.043832
0.043832
0.043832
0.043832
0.043832
747.18
0.044003
0.043822
0.043795
0.043784
0.043824
0.043824
0.043824
0.043824
0.043824
0.043824
696.96
0.044038
0.043838
0.043781
0.043789
0.043789
0.043789
0.043789
0.043789
0.043789
0.043789
671.38
0.044067
0.044006
0.043818
0.043818
0.043818
0.043818
0.043818
0.043818
0.043818
0.043818
651.66
0.044057
0.044002
0.044002
0.044002
0.044002
0.044002
0.044002
0.044002
0.044002
0.044002
636.93
0.044062
0.044062
0.044062
0.044062
0.044062
0.044062
0.044062
0.044062
0.044062
0.044062
634.63
4992.7
4938.7
0.043751
0.043812
0.043838
0.043837
0.043842
0.043858
0.04386
0.043861
0.043861
4865
0.044027
0.043751
0.04382
0.04383
0.043834
0.043851
0.043842
0.043844
0.043844
0.043844
4834.7
0.044076
0.04375
0.04381
0.043833
0.043832
0.043846
0.043849
0.043849
0.043849
0.043849
4857.3
0.044012
0.043817
0.043783
0.043825
0.043826
0.04384
0.04384
0.04384
0.04384
0.04384
4529.8
0.044047
0.043825
0.043793
0.043778
0.043819
0.043819
0.043819
0.043819
0.043819
0.043819
2679.4
0.044087
0.044136
0.043777
0.043792
0.043792
0.043792
0.043792
0.043792
0.043792
0.043792
2361
0.044056
0.044081
0.043821
0.043821
0.043821
0.043821
0.043821
0.043821
0.043821
0.043821
1347
0.044061
0.044009
0.044009
0.044009
0.044009
0.044009
0.044009
0.044009
0.044009
0.044009
748.79
0.04405
0.04405
0.04405
0.04405
0.04405
0.04405
0.04405
0.04405
0.04405
0.04405
695.76
4993.4
4939.8
0.044018
0.04378
0.043834
0.043843
0.043838
0.043855
0.043858
0.043847
0.043847
4900.2
4912.7
0.044167
0.043785
0.043832
0.043833
0.043847
0.043852
0.043843
0.043843
0.043843
4888.8
4821.4
0.044127
0.043767
0.043824
0.043828
0.043844
0.043847
0.043847
0.043847
0.043847
4833.3
0.043853
0.044035
0.043786
0.043785
0.043835
0.043828
0.043828
0.043828
0.043828
0.043828
4852.7
0.044029
0.044144
0.043781
0.043776
0.043804
0.043804
0.043804
0.043804
0.043804
0.043804
1063.6
0.04405
0.044125
0.043821
0.043797
0.043797
0.043797
0.043797
0.043797
0.043797
0.043797
4465.3
0.044049
0.044035
0.043823
0.043823
0.043823
0.043823
0.043823
0.043823
0.043823
0.043823
2764.4
0.044037
0.044065
0.044065
0.044065
0.044065
0.044065
0.044065
0.044065
0.044065
0.044065
2549
0.044016
0.044016
0.044016
0.044016
0.044016
0.044016
0.044016
0.044016
0.044016
0.044016
2384.5
4997
4940.5
4945.3
0.04408
0.043795
0.043826
0.043832
0.04385
0.043843
0.043845
0.043845
4927
4922.6
4755.6
0.043844
0.043802
0.043834
0.043844
0.043836
0.04384
0.04384
0.04384
4871.8
4900.4
0.043973
0.043846
0.043796
0.043827
0.04383
0.043835
0.043835
0.043835
0.043835
4856.6
4865.7
0.044067
0.044019
0.043777
0.04381
0.043828
0.043828
0.043828
0.043828
0.043828
4834.6
4836.2
0.044093
0.043833
0.043793
0.043783
0.043783
0.043783
0.043783
0.043783
0.043783
4858.3
0.043905
0.044064
0.043844
0.043808
0.043808
0.043808
0.043808
0.043808
0.043808
0.043808
4846.3
0.043963
0.044053
0.044092
0.044092
0.044092
0.044092
0.044092
0.044092
0.044092
0.044092
4267.3
0.043939
0.044053
0.044053
0.044053
0.044053
0.044053
0.044053
0.044053
0.044053
0.044053
4310.6
0.043927
0.043927
0.043927
0.043927
0.043927
0.043927
0.043927
0.043927
0.043927
0.043927
2841.2
4995.9
4942.7
4941.5
3374.7
0.043839
0.043809
0.043828
0.043833
0.043849
0.043843
0.043843
4922.1
4929.7
4946.9
0.043999
0.043767
0.043804
0.043836
0.043844
0.043848
0.043848
0.043848
4910.7
4908.1
4854.8
0.044127
0.043841
0.043799
0.043836
0.043842
0.043842
0.043842
0.043842
4882.4
4905.3
4934.9
0.044136
0.043913
0.043783
0.043822
0.043822
0.043822
0.043822
0.043822
4868.2
4855
0.043937
0.044074
0.044019
0.043788
0.043788
0.043788
0.043788
0.043788
0.043788
4859.6
4837.9
0.044028
0.04406
0.044015
0.044015
0.044015
0.044015
0.044015
0.044015
0.044015
4847.9
3859.7
0.044062
0.044126
0.044126
0.044126
0.044126
0.044126
0.044126
0.044126
0.044126
4847.1
0.043918
0.044066
0.044066
0.044066
0.044066
0.044066
0.044066
0.044066
0.044066
0.044066
4827.6
0.043896
0.043896
0.043896
0.043896
0.043896
0.043896
0.043896
0.043896
0.043896
0.043896
4436.8
0.33131
0.046511
0.046413
0.046712
0.046689
0.0468
0.046674
0.04667
0.046668
0.046667
0.046667
6366.4
0.046974
0.046944
0.046805
0.04674
0.046731
0.04673
0.046726
0.04672
0.04672
0.04672
6259.1
0.046194
0.046964
0.046466
0.046905
0.046823
0.046425
0.046741
0.046741
0.046741
0.046741
6235.9
0.046054
0.046215
0.046466
0.046944
0.046463
0.046892
0.046892
0.046892
0.046892
0.046892
6192.6
0.046108
0.046185
0.046927
0.046959
0.046467
0.046467
0.046467
0.046467
0.046467
0.046467
6174.7
0.045927
0.046409
0.04621
0.046445
0.046445
0.046445
0.046445
0.046445
0.046445
0.046445
6158.8
0.045906
0.046417
0.046406
0.046406
0.046406
0.046406
0.046406
0.046406
0.046406
0.046406
6158.3
0.045853
0.046435
0.046435
0.046435
0.046435
0.046435
0.046435
0.046435
0.046435
0.046435
6157.4
0.045862
0.045862
0.045862
0.045862
0.045862
0.045862
0.045862
0.045862
0.045862
0.045862
6161.4
6763.8
0.046538
0.04682
0.046848
0.046704
0.046691
0.046683
0.046678
0.046675
0.046672
0.046672
6113.5
0.046428
0.046941
0.046835
0.046746
0.046724
0.046725
0.046723
0.046719
0.046719
0.046719
6229.2
0.046154
0.046952
0.046945
0.046918
0.046831
0.046772
0.046743
0.046743
0.046743
0.046743
6264.7
0.045976
0.046416
0.046957
0.046944
0.046938
0.046453
0.046453
0.046453
0.046453
0.046453
6091.7
0.046117
0.046409
0.04643
0.046958
0.046943
0.046943
0.046943
0.046943
0.046943
0.046943
6110.5
0.045929
0.046407
0.046205
0.046939
0.046939
0.046939
0.046939
0.046939
0.046939
0.046939
6103.2
0.045856
0.046015
0.046406
0.046406
0.046406
0.046406
0.046406
0.046406
0.046406
0.046406
5924.8
0.045842
0.045995
0.045995
0.045995
0.045995
0.045995
0.045995
0.045995
0.045995
0.045995
6182.1
0.045878
0.045878
0.045878
0.045878
0.045878
0.045878
0.045878
0.045878
0.045878
0.045878
6182.5
6784.1
6042.1
0.046431
0.046416
0.046697
0.046701
0.046696
0.046812
0.046687
0.046683
0.046683
6120.2
5802.3
0.046921
0.046448
0.046775
0.046728
0.046712
0.046844
0.046717
0.046717
0.046717
6120.4
0.046339
0.046224
0.046943
0.046925
0.046438
0.046787
0.046749
0.046749
0.046749
0.046749
3978.1
0.046089
0.046199
0.046942
0.046945
0.046938
0.046912
0.046912
0.046912
0.046912
0.046912
6236.3
0.045913
0.04616
0.046217
0.04695
0.04647
0.04647
0.04647
0.04647
0.04647
0.04647
6258.9
0.045923
0.046399
0.046184
0.046929
0.046929
0.046929
0.046929
0.046929
0.046929
0.046929
6259
0.045893
0.045952
0.046172
0.046172
0.046172
0.046172
0.046172
0.046172
0.046172
0.046172
6261.6
0.045861
0.046015
0.046015
0.046015
0.046015
0.046015
0.046015
0.046015
0.046015
0.046015
6267
0.045881
0.045881
0.045881
0.045881
0.045881
0.045881
0.045881
0.045881
0.045881
0.045881
6040.3
6767.6
6130.2
5974.1
0.046852
0.046411
0.046695
0.046694
0.046819
0.046695
0.046813
0.046813
6118.6
6082.2
0.046163
0.046439
0.046858
0.046416
0.046718
0.046705
0.046705
0.046705
0.046705
6118.2
6078.1
0.045937
0.04693
0.04692
0.046889
0.046814
0.046762
0.046762
0.046762
0.046762
6119.3
5745
0.045976
0.046921
0.046951
0.04646
0.046918
0.046918
0.046918
0.046918
0.046918
6098.1
0.046903
0.045945
0.046417
0.046936
0.046467
0.046467
0.046467
0.046467
0.046467
0.046467
6166.4
0.046326
0.04596
0.046409
0.046918
0.046918
0.046918
0.046918
0.046918
0.046918
0.046918
6244.5
0.04592
0.04641
0.046411
0.046411
0.046411
0.046411
0.046411
0.046411
0.046411
0.046411
6259.2
0.045876
0.046395
0.046395
0.046395
0.046395
0.046395
0.046395
0.046395
0.046395
0.046395
6248.4
0.045843
0.045843
0.045843
0.045843
0.045843
0.045843
0.045843
0.045843
0.045843
0.045843
6251.8
6769.9
6117.6
6046.5
0.046074
0.046835
0.046757
0.046699
0.046815
0.046816
0.046697
0.046697
6110.2
6129.2
6155
0.045941
0.046884
0.046427
0.046745
0.046849
0.046836
0.046836
0.046836
6127.6
6112.7
5744.3
0.046389
0.046447
0.046902
0.046861
0.046421
0.046421
0.046421
0.046421
6119.8
5984.8
0.046688
0.046175
0.046445
0.046937
0.04692
0.04692
0.04692
0.04692
0.04692
6120
6141
0.046313
0.046414
0.046922
0.046947
0.046947
0.046947
0.046947
0.046947
0.046947
6110.5
5376.5
0.04604
0.04612
0.046212
0.046212
0.046212
0.046212
0.046212
0.046212
0.046212
4042.3
0.046947
0.046072
0.046398
0.046398
0.046398
0.046398
0.046398
0.046398
0.046398
0.046398
6212.6
0.046396
0.0459
0.0459
0.0459
0.0459
0.0459
0.0459
0.0459
0.0459
0.0459
6266.6
0.045906
0.045906
0.045906
0.045906
0.045906
0.045906
0.045906
0.045906
0.045906
0.045906
6243.8
6416.9
6114.7
6113.7
4356.2
0.04592
0.046826
0.046769
0.046842
0.046687
0.046813
0.046813
6127.1
6133
6029.8
6151.6
0.046396
0.04643
0.046819
0.046749
0.046714
0.046714
0.046714
6123
6112.8
6116.5
0.046401
0.046884
0.046915
0.046878
0.046431
0.046431
0.046431
0.046431
6126
6111.6
6146.1
0.046039
0.046427
0.046449
0.046454
0.046454
0.046454
0.046454
0.046454
6116.5
6021.2
5765.2
0.046306
0.046426
0.046933
0.046933
0.046933
0.046933
0.046933
0.046933
6122.3
6024.8
0.046801
0.046341
0.046424
0.046424
0.046424
0.046424
0.046424
0.046424
0.046424
6101.9
6142.3
0.046932
0.04635
0.04635
0.04635
0.04635
0.04635
0.04635
0.04635
0.04635
6126.2
4699.9
0.046715
0.046715
0.046715
0.046715
0.046715
0.046715
0.046715
0.046715
0.046715
6027.3
0.047038
0.047038
0.047038
0.047038
0.047038
0.047038
0.047038
0.047038
0.047038
0.047038
6242.5
1.3852
0.048841
0.050114
0.048732
0.050136
0.048723
0.048721
0.050139
0.05014
0.05014
0.05014
7621.3
0.04922
0.048841
0.048771
0.048767
0.050109
0.048748
0.048745
0.050125
0.050125
0.050125
7710.4
0.048868
0.049225
0.049475
0.048824
0.049528
0.048769
0.048768
0.048768
0.048768
0.048768
7728.1
0.049294
0.049099
0.049227
0.048927
0.049499
0.049522
0.049522
0.049522
0.049522
0.049522
7722.2
0.049173
0.048829
0.048613
0.049227
0.048951
0.048951
0.048951
0.048951
0.048951
0.048951
7726.7
0.048772
0.048931
0.04888
0.049179
0.049179
0.049179
0.049179
0.049179
0.049179
0.049179
7732.9
0.048588
0.049277
0.04886
0.04886
0.04886
0.04886
0.04886
0.04886
0.04886
0.04886
7734.1
1230.5
0.048592
0.048592
0.048592
0.048592
0.048592
0.048592
0.048592
0.048592
0.048592
7734.9
7129.1
7129.1
7129.1
7129.1
7129.1
7129.1
7129.1
7129.1
7129.1
7129.1
7735.5
8504.7
0.049089
0.050072
0.05011
0.050129
0.050134
0.048725
0.048722
0.048721
0.04872
0.04872
7396.3
0.049005
0.049463
0.049521
0.050101
0.048757
0.048749
0.050114
0.050119
0.050119
0.050119
7947.4
0.04961
0.048663
0.049449
0.048835
0.049525
0.048766
0.050105
0.050105
0.050105
0.050105
7866.4
0.049177
0.049085
0.049228
0.04942
0.048859
0.048827
0.048827
0.048827
0.048827
0.048827
8041.9
0.048723
0.049005
0.048618
0.049229
0.0494
0.0494
0.0494
0.0494
0.0494
0.0494
8021.1
0.04908
0.049032
0.048878
0.048608
0.048608
0.048608
0.048608
0.048608
0.048608
0.048608
7982.5
0.048795
0.049209
0.049008
0.049008
0.049008
0.049008
0.049008
0.049008
0.049008
0.049008
7981.4
2070.9
0.049178
0.049178
0.049178
0.049178
0.049178
0.049178
0.049178
0.049178
0.049178
7813.1
7002.3
7002.3
7002.3
7002.3
7002.3
7002.3
7002.3
7002.3
7002.3
7002.3
7834.4
8494.8
5047.2
0.049209
0.049484
0.050099
0.050114
0.050125
0.050132
0.050135
0.050137
0.050137
7356.5
7477.3
0.049192
0.049461
0.049522
0.050102
0.050109
0.050114
0.048741
0.048741
0.048741
7418.6
2215.8
0.04897
0.0486
0.048849
0.048801
0.049529
0.050103
0.050103
0.050103
0.050103
8312.3
0.049643
0.048963
0.048611
0.048595
0.04947
0.048838
0.048838
0.048838
0.048838
0.048838
7959
0.049102
0.04938
0.048661
0.048653
0.049378
0.049378
0.049378
0.049378
0.049378
0.049378
7908.2
0.04842
0.049051
0.049041
0.049102
0.049102
0.049102
0.049102
0.049102
0.049102
0.049102
7844.8
0.048926
0.049532
0.049024
0.049024
0.049024
0.049024
0.049024
0.049024
0.049024
0.049024
7862.8
2906.8
0.04899
0.04899
0.04899
0.04899
0.04899
0.04899
0.04899
0.04899
0.04899
8021.2
7103.3
7103.3
7103.3
7103.3
7103.3
7103.3
7103.3
7103.3
7103.3
7103.3
8063.7
8497
7350
5231.5
0.048714
0.048803
0.048761
0.050106
0.048738
0.048734
0.048731
0.048731
7363.9
7403.2
0.049805
0.048747
0.048853
0.049511
0.050097
0.050106
0.048752
0.048752
0.048752
7361.5
7394.3
0.048378
0.049173
0.049355
0.049472
0.049513
0.049533
0.049533
0.049533
0.049533
7424.1
7308.8
0.050385
0.048967
0.049246
0.049404
0.049474
0.049474
0.049474
0.049474
0.049474
8156
3991
0.049035
0.049054
0.048621
0.048605
0.048605
0.048605
0.048605
0.048605
0.048605
8222.1
0.04874
0.050317
0.04926
0.048654
0.048654
0.048654
0.048654
0.048654
0.048654
0.048654
7950.4
0.050148
0.049765
0.049595
0.049595
0.049595
0.049595
0.049595
0.049595
0.049595
0.049595
8131.1
4466.6
0.04946
0.04946
0.04946
0.04946
0.04946
0.04946
0.04946
0.04946
0.04946
7905.3
7038.1
7038.1
7038.1
7038.1
7038.1
7038.1
7038.1
7038.1
7038.1
7038.1
7856
8489.6
7339.2
5040.8
4590.2
0.049256
0.049428
0.049502
0.050092
0.048751
0.048739
0.048739
7357
7331
5648.1
0.049554
0.049259
0.049416
0.049497
0.048757
0.048756
0.048756
0.048756
7363.8
7360.7
7479.3
0.04941
0.048787
0.048602
0.049467
0.048784
0.048784
0.048784
0.048784
7369.3
7352.5
5960.5
0.048304
0.048895
0.048617
0.049421
0.049421
0.049421
0.049421
0.049421
7429
7416.1
2221.3
0.04981
0.04898
0.048696
0.048696
0.048696
0.048696
0.048696
0.048696
7108.5
7181.6
0.049354
0.04932
0.048974
0.048974
0.048974
0.048974
0.048974
0.048974
0.048974
8310.2
0.048697
0.049064
0.049358
0.049358
0.049358
0.049358
0.049358
0.049358
0.049358
0.049358
8233.5
4047.1
0.048939
0.048939
0.048939
0.048939
0.048939
0.048939
0.048939
0.048939
0.048939
7947.2
5436.2
5436.2
5436.2
5436.2
5436.2
5436.2
5436.2
5436.2
5436.2
5436.2
8101.7
8492.6
7332.7
7339.7
5076.6
0.049591
0.049256
0.049403
0.049485
0.048764
0.050097
0.050097
7369
7358.5
6853.4
5693.5
0.049503
0.048704
0.049382
0.048801
0.049513
0.049513
0.049513
7365
7307.8
7459.3
6431.1
0.049191
0.048757
0.049351
0.048841
0.048841
0.048841
0.048841
7365.7
7352
7408.5
0.04836
0.049469
0.04919
0.049263
0.049263
0.049263
0.049263
0.049263
7359.8
7338.9
7428.5
0.049274
0.048236
0.048914
0.048914
0.048914
0.048914
0.048914
0.048914
7426.2
7362.3
6165.2
0.049151
0.049114
0.049114
0.049114
0.049114
0.049114
0.049114
0.049114
6876.8
7366.4
3977.2
0.049268
0.049268
0.049268
0.049268
0.049268
0.049268
0.049268
0.049268
8197.9
0.049013
0.048259
0.048259
0.048259
0.048259
0.048259
0.048259
0.048259
0.048259
0.048259
8299.1
6080.2
6080.2
6080.2
6080.2
6080.2
6080.2
6080.2
6080.2
6080.2
6080.2
8266.8
5.6442
0.054238
0.053552
0.054151
0.053516
0.054138
0.053511
0.053511
0.054134
0.05351
0.05351
9730.9
0.053471
0.053673
0.053158
0.054099
0.054118
0.054078
0.053433
0.054103
0.054103
0.054103
9722.4
0.053813
0.053481
0.053541
0.0529
0.0538
0.053834
0.053151
0.053151
0.053151
0.053151
9720.8
0.053182
0.053701
0.052943
0.053537
0.053557
0.053672
0.053672
0.053672
0.053672
0.053672
9720.7
937.03
0.053814
0.052956
0.053483
0.053514
0.053514
0.053514
0.053514
0.053514
0.053514
9719.9
0.053205
0.05348
0.053726
0.052987
0.052987
0.052987
0.052987
0.052987
0.052987
0.052987
9719.8
0.054054
0.053183
0.05304
0.05304
0.05304
0.05304
0.05304
0.05304
0.05304
0.05304
9719.7
8868.6
0.052671
0.052671
0.052671
0.052671
0.052671
0.052671
0.052671
0.052671
0.052671
9720.3
9315
9315
9315
9315
9315
9315
9315
9315
9315
9315
9720.3
10410
0.055294
0.054071
0.054145
0.053549
0.054171
0.054161
0.054154
0.054149
0.053521
0.053521
7964.3
0.054317
0.053526
0.053049
0.053155
0.054119
0.053451
0.054097
0.053457
0.053457
0.053457
10105
0.053482
0.053616
0.053527
0.05358
0.053031
0.053154
0.053155
0.053155
0.053155
0.053155
9929.4
698.49
0.053807
0.053049
0.052945
0.0529
0.0529
0.0529
0.0529
0.0529
0.0529
9748.6
733.27
0.053163
0.052951
0.053584
0.052944
0.052944
0.052944
0.052944
0.052944
0.052944
10014
682.27
0.05327
0.05297
0.053616
0.053616
0.053616
0.053616
0.053616
0.053616
0.053616
10046
0.05394
620.91
0.053255
0.053255
0.053255
0.053255
0.053255
0.053255
0.053255
0.053255
10048
9031.7
661.06
661.06
661.06
661.06
661.06
661.06
661.06
661.06
661.06
9913.4
9369.6
9369.6
9369.6
9369.6
9369.6
9369.6
9369.6
9369.6
9369.6
9369.6
9842.5
10233
5490.3
0.05531
0.053645
0.054069
0.053533
0.053544
0.053547
0.053547
0.054171
0.054171
8638.9
6578.3
0.054787
0.053521
0.052954
0.053138
0.053142
0.054122
0.05411
0.05411
0.05411
7960.1
8744.6
0.053767
0.053632
0.052887
0.052897
0.053049
0.053141
0.053141
0.053141
0.053141
8758.5
6478.3
0.053748
0.053788
0.053604
0.053529
0.053556
0.053556
0.053556
0.053556
0.053556
10103
3713.1
0.05287
0.052969
0.052962
0.052944
0.052944
0.052944
0.052944
0.052944
0.052944
9887.9
1657.5
599.67
0.053307
0.05332
0.05332
0.05332
0.05332
0.05332
0.05332
0.05332
9910
0.054001
692.01
0.053161
0.053161
0.053161
0.053161
0.053161
0.053161
0.053161
0.053161
9932
8973.7
724.73
724.73
724.73
724.73
724.73
724.73
724.73
724.73
724.73
9748.7
9350
9350
9350
9350
9350
9350
9350
9350
9350
9350
9718.1
10195
8661.4
5725.6
0.055162
0.052881
0.053781
0.054069
0.053523
0.053541
0.053544
0.053544
8638.5
8734.5
6095.3
0.053952
0.0535
0.052896
0.053762
0.053832
0.054098
0.054098
0.054098
8606.3
8662
5556.8
0.054157
0.053641
0.052946
0.052897
0.053749
0.053749
0.053749
0.053749
7955.6
8650.6
5422
0.05377
0.052948
0.052945
0.052887
0.052887
0.052887
0.052887
0.052887
8790.5
8685.4
4121.8
0.053616
0.053882
0.053628
0.053628
0.053628
0.053628
0.053628
0.053628
9999.3
6478.9
3525.7
0.053703
0.05298
0.05298
0.05298
0.05298
0.05298
0.05298
0.05298
10101
1516.1
2030.6
0.053476
0.053476
0.053476
0.053476
0.053476
0.053476
0.053476
0.053476
9893.7
6327
1796.7
1796.7
1796.7
1796.7
1796.7
1796.7
1796.7
1796.7
1796.7
9886.8
9574.6
9574.6
9574.6
9574.6
9574.6
9574.6
9574.6
9574.6
9574.6
9574.6
9909.7
10194
8613.8
5487.9
6060
0.055159
0.052851
0.053644
0.05312
0.053135
0.053518
0.053518
8639.2
8653.5
6200.6
5978.7
0.053916
0.052938
0.052889
0.053668
0.05379
0.05379
0.05379
8640.6
8688.3
6580.4
5251.4
0.054026
0.052952
0.05352
0.053566
0.053566
0.053566
0.053566
8601.5
8652.9
8747.7
4364.2
0.053501
0.053946
0.052945
0.052945
0.052945
0.052945
0.052945
7956.1
8638.7
8747.4
3922.9
0.053772
0.053933
0.053933
0.053933
0.053933
0.053933
0.053933
8792.9
8656.6
8179
3463.8
0.054294
0.054294
0.054294
0.054294
0.054294
0.054294
0.054294
8755
8280.5
6778.9
2325.7
2325.7
2325.7
2325.7
2325.7
2325.7
2325.7
2325.7
9993.8
6212.1
5326.6
5326.6
5326.6
5326.6
5326.6
5326.6
5326.6
5326.6
5326.6
10101
9390
9390
9390
9390
9390
9390
9390
9390
9390
9390
10110
10194
8631.7
6457.8
5500
6036.3
0.055301
0.052927
0.052895
0.053677
0.053142
0.053142
8637
8614.2
6297.4
6151.8
5529.4
0.055142
0.052936
0.053522
0.052921
0.052921
0.052921
8637.4
8660.8
8745.6
6250.6
4532.4
0.055178
0.053682
0.053506
0.053506
0.053506
0.053506
8616.2
8677
8735.6
5846
4121.1
0.054793
0.053998
0.053998
0.053998
0.053998
0.053998
8644.1
8664.1
8701.4
6278.4
2661.3
0.053549
0.053549
0.053549
0.053549
0.053549
0.053549
7953.4
8644.1
8684.7
6689.3
2379.8
2379.8
2379.8
2379.8
2379.8
2379.8
2379.8
8801.2
8643
8705.6
5844.8
5844.8
5844.8
5844.8
5844.8
5844.8
5844.8
5844.8
8777.4
9155.8
9131.5
9131.5
9131.5
9131.5
9131.5
9131.5
9131.5
9131.5
9131.5
8468.9
7514.2
7514.2
7514.2
7514.2
7514.2
7514.2
7514.2
7514.2
7514.2
7514.2
10005
5.3018
0.057484
0.060056
0.060046
0.060044
0.060043
0.060043
0.060043
0.060043
0.060043
0.060043
11834
0.059032
0.057979
0.059976
0.060007
0.060033
0.060047
0.057542
0.057537
0.057537
0.057537
11834
1139.4
0.060068
0.059766
0.057978
0.0599
0.057895
0.059997
0.059997
0.059997
0.059997
11834
2078.4
0.060227
0.059037
0.059685
0.059902
0.057978
0.057978
0.057978
0.057978
0.057978
11834
10427
1136.8
0.060432
0.060071
0.060326
0.060326
0.060326
0.060326
0.060326
0.060326
11831
10904
1997
0.059772
0.060529
0.060529
0.060529
0.060529
0.060529
0.060529
0.060529
11831
11052
2078.3
729.13
729.13
729.13
729.13
729.13
729.13
729.13
729.13
11831
11166
2070.6
2070.6
2070.6
2070.6
2070.6
2070.6
2070.6
2070.6
2070.6
11834
11359
11359
11359
11359
11359
11359
11359
11359
11359
11359
11831
12055
6533
0.05765
0.060006
0.059937
0.059914
0.059939
0.059956
0.059966
0.059984
0.059984
10671
4925.9
0.059814
0.059896
0.060009
0.060032
0.060048
0.060053
0.060053
0.060053
0.060053
10056
5661.5
0.058537
0.059755
0.06004
0.057987
0.057913
0.057805
0.057805
0.057805
0.057805
12137
5482.4
2487.9
0.060376
0.058409
0.059858
0.059615
0.059615
0.059615
0.059615
0.059615
11962
10532
3722.9
0.059279
0.05904
0.058789
0.058789
0.058789
0.058789
0.058789
0.058789
12073
10916
3744.5
1920.8
0.058675
0.058675
0.058675
0.058675
0.058675
0.058675
0.058675
11817
11106
3699
2350
2350
2350
2350
2350
2350
2350
2350
11752
11361
3046.6
3046.6
3046.6
3046.6
3046.6
3046.6
3046.6
3046.6
3046.6
11708
11433
11433
11433
11433
11433
11433
11433
11433
11433
11433
11664
12062
6047.8
6536.5
0.057966
0.060041
0.060045
0.060001
0.05749
0.059934
0.059919
0.059919
10011
7162
4704.2
0.06115
0.059748
0.059991
0.057692
0.057628
0.057565
0.057565
0.057565
10670
8014.6
5080.2
0.059165
0.058308
0.057973
0.059894
0.059988
0.059988
0.059988
0.059988
10054
10279
5572.4
0.058038
0.058507
0.059791
0.05811
0.05811
0.05811
0.05811
0.05811
10055
9763
5658.7
3223.3
0.059981
0.059956
0.059956
0.059956
0.059956
0.059956
0.059956
11729
11061
5556.7
4052.9
0.057719
0.057719
0.057719
0.057719
0.057719
0.057719
0.057719
12137
11357
5475.6
4201.2
4201.2
4201.2
4201.2
4201.2
4201.2
4201.2
4201.2
12115
11555
5088.8
5088.8
5088.8
5088.8
5088.8
5088.8
5088.8
5088.8
5088.8
11963
11602
11602
11602
11602
11602
11602
11602
11602
11602
11602
12063
12070
7755.7
6111.2
6538.1
0.059866
0.059939
0.057653
0.060051
0.060033
0.057496
0.057496
9884.4
7810.8
6945.8
5013
0.060454
0.060069
0.057924
0.060005
0.060033
0.060033
0.060033
9064.6
10006
6542.7
4656.7
0.058208
0.059857
0.058126
0.057944
0.057944
0.057944
0.057944
10670
9962.9
6076.4
5088.8
0.057875
0.060159
0.058309
0.058309
0.058309
0.058309
0.058309
10036
10186
6989.5
5538.7
2725.9
0.058399
0.058399
0.058399
0.058399
0.058399
0.058399
10088
11371
7852.8
5603
3994.7
3994.7
3994.7
3994.7
3994.7
3994.7
3994.7
10058
11448
7149.4
5662.8
5662.8
5662.8
5662.8
5662.8
5662.8
5662.8
5662.8
11684
11672
6922
6922
6922
6922
6922
6922
6922
6922
6922
12084
11759
11759
11759
11759
11759
11759
11759
11759
11759
11759
12142
12064
9938.1
6047.8
6425.8
6541.3
0.058523
0.057966
0.057804
0.06004
0.057546
0.057546
9876.2
10019
6821.3
6928.2
5355.1
0.058169
0.058317
0.057974
0.059963
0.059963
0.059963
10009
10033
7162.1
6577.2
4685.3
0.058073
0.061151
0.059985
0.059985
0.059985
0.059985
9977.9
9994
6880.1
5837.3
4797.6
0.057627
0.060414
0.060414
0.060414
0.060414
0.060414
10670
9959.5
8011.8
5744.9
5122.7
2726.7
2726.7
2726.7
2726.7
2726.7
2726.7
10066
10030
10033
6013
5512.1
5512.1
5512.1
5512.1
5512.1
5512.1
5512.1
10054
10010
10174
6703.6
6703.6
6703.6
6703.6
6703.6
6703.6
6703.6
6703.6
10086
10045
9012.8
9012.8
9012.8
9012.8
9012.8
9012.8
9012.8
9012.8
9012.8
10058
11542
11542
11542
11542
11542
11542
11542
11542
11542
11542
10079
12071
9885.5
6074.7
6077.8
6732.3
6536.7
0.059177
0.059954
0.057922
0.059992
0.059992
9876.4
9931.6
6798.7
6827
6916.3
5614.3
0.058429
0.05822
0.058103
0.058103
0.058103
9876.3
9994.5
7242.4
7023.8
6595
5046.1
0.057559
0.06011
0.06011
0.06011
0.06011
10050
10008
7531.2
6807.2
5939.6
4597.6
2523.9
2523.9
2523.9
2523.9
2523.9
9943
10000
10021
6526.5
5875.2
4953.2
4953.2
4953.2
4953.2
4953.2
4953.2
10670
10093
9980.8
6762.4
5629.9
5629.9
5629.9
5629.9
5629.9
5629.9
5629.9
9869.9
10307
9973.3
7077.9
7077.9
7077.9
7077.9
7077.9
7077.9
7077.9
7077.9
10044
10048
9972.9
9972.9
9972.9
9972.9
9972.9
9972.9
9972.9
9972.9
9972.9
10076
10063
10063
10063
10063
10063
10063
10063
10063
10063
10063
10078
6.2848
0.067141
0.067501
0.067069
0.067492
0.067075
0.067493
0.067077
0.067493
0.067078
0.067078
3964.5
0.067845
0.067021
0.067143
0.067272
0.067318
0.067338
0.067353
0.067363
0.067363
0.067363
3951.6
8200.4
0.064405
0.063923
0.066998
0.067048
0.067144
0.067226
0.067226
0.067226
0.067226
3953.5
12771
0.063952
0.06785
0.063946
0.063912
0.06702
0.06702
0.06702
0.06702
0.06702
3954.1
13319
8918.2
0.067153
0.064406
0.067657
0.067657
0.067657
0.067657
0.067657
0.067657
3957.2
3518
11970
8313.1
0.065289
0.065289
0.065289
0.065289
0.065289
0.065289
0.065289
3957.4
3678.6
12875
8095.6
8095.6
8095.6
8095.6
8095.6
8095.6
8095.6
8095.6
3957.6
3807.8
13443
13443
13443
13443
13443
13443
13443
13443
13443
3955
3897.8
3897.8
3897.8
3897.8
3897.8
3897.8
3897.8
3897.8
3897.8
3897.8
3957.8
14264
7330.3
0.06691
0.067324
0.067355
0.067366
0.067379
0.067394
0.067405
0.067411
0.067411
11304
8051.9
0.066983
0.067134
0.067203
0.067266
0.067308
0.067331
0.067349
0.067349
0.067349
11945
9063.6
4183
0.063922
0.063921
0.067185
0.067198
0.067225
0.067225
0.067225
0.067225
10714
13097
5739.8
0.064516
0.063966
0.067484
0.067129
0.067129
0.067129
0.067129
0.067129
13027
13667
8631.7
4287.7
0.065082
0.068306
0.068306
0.068306
0.068306
0.068306
0.068306
5992.4
12668
12395
5537.7
0.064148
0.064148
0.064148
0.064148
0.064148
0.064148
0.064148
5434.4
4962.7
12943
8091.1
8091.1
8091.1
8091.1
8091.1
8091.1
8091.1
8091.1
4694.5
4806
13341
13341
13341
13341
13341
13341
13341
13341
13341
4412.5
4674.9
4674.9
4674.9
4674.9
4674.9
4674.9
4674.9
4674.9
4674.9
4674.9
4432.8
14443
6940
7295.7
0.066278
0.067066
0.067198
0.067314
0.067347
0.067354
0.06736
0.06736
9903
7772.2
7172.6
0.064296
0.065916
0.067022
0.067153
0.06725
0.067305
0.067305
0.067305
10994
10458
8051.5
4090.2
0.066994
0.063922
0.067139
0.067138
0.067138
0.067138
0.067138
11447
11447
8616.1
5463.6
0.063885
0.063898
0.067585
0.067585
0.067585
0.067585
0.067585
11882
11491
9036.9
8132.9
4183.4
0.066617
0.066617
0.066617
0.066617
0.066617
0.066617
10803
13792
12651
5560.8
5397.2
5397.2
5397.2
5397.2
5397.2
5397.2
5397.2
10802
13926
13151
7875.4
7875.4
7875.4
7875.4
7875.4
7875.4
7875.4
7875.4
12964
13269
13395
13395
13395
13395
13395
13395
13395
13395
13395
13028
12952
12952
12952
12952
12952
12952
12952
12952
12952
12952
6162.5
14206
6943
6927.7
7331.2
4168.9
0.067003
0.067075
0.067134
0.067255
0.067324
0.067324
11357
8181.1
7560.4
7465.1
4159.2
0.066415
0.067498
0.066967
0.067101
0.067101
0.067101
11475
6921.9
7734.1
7063.5
4352.8
0.066081
0.063913
0.067264
0.067264
0.067264
0.067264
10983
10097
8218.1
8051.3
5167.9
0.063948
0.066996
0.066996
0.066996
0.066996
0.066996
11449
11448
11008
8610.9
7848.5
4118.8
4118.8
4118.8
4118.8
4118.8
4118.8
11443
11444
12262
8585.9
8347
8347
8347
8347
8347
8347
8347
11864
11450
13381
8892.4
8892.4
8892.4
8892.4
8892.4
8892.4
8892.4
8892.4
11119
11203
13508
13508
13508
13508
13508
13508
13508
13508
13508
10740
10799
10799
10799
10799
10799
10799
10799
10799
10799
10799
10800
14119
9377.3
6939.8
6927.4
7295.4
5592.5
0.066011
0.067943
0.067078
0.067053
0.067053
11311
11387
7025.7
7492.1
7542.8
5139.7
0.064982
0.06659
0.067314
0.067314
0.067314
9974.3
6894.3
7783.8
7682.2
7161.1
4863.2
0.064328
0.063877
0.063877
0.063877
0.063877
11432
8556.1
7608.3
7367.5
7011.1
5319.6
2836.2
2836.2
2836.2
2836.2
2836.2
10973
11913
10461
8543.2
8169.4
5935
5935
5935
5935
5935
5935
11451
11450
11459
8711.7
8450.9
8450.9
8450.9
8450.9
8450.9
8450.9
8450.9
11447
11446
11444
10528
10528
10528
10528
10528
10528
10528
10528
11441
11449
11452
11452
11452
11452
11452
11452
11452
11452
11452
11855
11678
11678
11678
11678
11678
11678
11678
11678
11678
11678
11719
14217
11309
6937.4
6930.5
6929.4
7295.9
6620.4
3021.7
0.06706
0.067991
0.067991
11275
11321
7235.8
6973.7
7462.2
7627
5822.9
2936.9
0.066429
0.066429
0.066429
11078
7192.8
7840.8
7687.9
7645.2
7233.7
5445.7
3610.1
3610.1
3610.1
3610.1
10512
8267.5
8022.1
7730.1
7567.6
7102.4
5568
5568
5568
5568
5568
11466
8834.3
7358.6
7348.8
7215.6
6992.2
6992.2
6992.2
6992.2
6992.2
6992.2
10956
11443
12176
6840.7
8575.8
8575.8
8575.8
8575.8
8575.8
8575.8
8575.8
11451
11450
11448
11131
11131
11131
11131
11131
11131
11131
11131
11449
11444
11445
11445
11445
11445
11445
11445
11445
11445
11445
11446
11445
11445
11445
11445
11445
11445
11445
11445
11445
11445
11448
6.3057
0.07695
0.076861
0.071827
0.076834
0.071827
0.07683
0.076829
0.071826
0.076828
0.076828
5418.1
0.070917
0.071931
0.075549
0.075017
0.071942
0.071927
0.077784
0.07765
0.07765
0.07765
5415.4
4118.8
0.070916
0.071963
0.071932
0.071869
0.071919
0.071957
0.071957
0.071957
0.071957
5416
4667.1
3266.6
0.070893
0.077501
0.071913
0.071932
0.071932
0.071932
0.071932
0.071932
5419.8
4838.1
4119.2
0.070725
0.070906
0.074901
0.074901
0.074901
0.074901
0.074901
0.074901
5416.2
4898.2
4441.5
3200.3
0.070577
0.070577
0.070577
0.070577
0.070577
0.070577
0.070577
5419.8
4923.2
4671.7
4118.2
4118.2
4118.2
4118.2
4118.2
4118.2
4118.2
4118.2
5416.3
5205.7
4831.4
4831.4
4831.4
4831.4
4831.4
4831.4
4831.4
4831.4
4831.4
5419.8
5260.2
5260.2
5260.2
5260.2
5260.2
5260.2
5260.2
5260.2
5260.2
5260.2
5419.7
16255
7785.3
0.075559
0.07191
0.076954
0.071862
0.07185
0.071841
0.076745
0.076734
0.076734
12859
6861.5
0.073397
0.071869
0.074651
0.071947
0.077748
0.071922
0.077533
0.077533
0.077533
9482.9
6917.9
4209
0.071986
0.076347
0.071889
0.075492
0.075277
0.075277
0.075277
0.075277
7616.3
6286.9
5303.5
1641.1
0.074634
0.071924
0.076361
0.076361
0.076361
0.076361
0.076361
6521.4
5836.3
4987.2
2796
0.07077
3018.2
3018.2
3018.2
3018.2
3018.2
3018.2
6438.6
5758.4
4866.8
3983.2
2000.7
2000.7
2000.7
2000.7
2000.7
2000.7
2000.7
6049.2
5594.9
4919.7
4498.2
4498.2
4498.2
4498.2
4498.2
4498.2
4498.2
4498.2
5875.4
5566.6
4939
4939
4939
4939
4939
4939
4939
4939
4939
5709.9
5494
5494
5494
5494
5494
5494
5494
5494
5494
5494
5727
16257
8710.4
7783.5
2918
0.075586
0.071927
0.07191
0.077031
0.076952
0.076863
0.076863
12868
9231.5
6491.2
3488.9
0.071764
0.075003
0.074173
0.077137
0.077413
0.077413
0.077413
12861
10456
6858.2
3528.8
0.073376
0.076376
0.071869
0.074997
0.074997
0.074997
0.074997
12447
9281
7045.1
5539
0.071725
0.073844
0.076479
0.076479
0.076479
0.076479
0.076479
9485.3
8113.9
6915.1
5648.1
4210.6
3659.3
3659.3
3659.3
3659.3
3659.3
3659.3
8302.4
7514.2
6689.6
5693.7
5077.9
5077.9
5077.9
5077.9
5077.9
5077.9
5077.9
7616.4
7150.6
6289.1
5760.5
5760.5
5760.5
5760.5
5760.5
5760.5
5760.5
5760.5
7039.3
6558.9
6070.2
6070.2
6070.2
6070.2
6070.2
6070.2
6070.2
6070.2
6070.2
6521.4
6451.3
6451.3
6451.3
6451.3
6451.3
6451.3
6451.3
6451.3
6451.3
6451.3
6516.2
16257
9417.6
7817
7783.4
4619.3
0.073239
0.075595
0.076312
0.076701
0.076977
0.076977
12804
9499.7
8015.6
7461
4383.2
0.072323
0.071811
0.074945
0.076427
0.076427
0.076427
12869
10354
9129.3
6087.8
4641.8
1822.1
0.071713
0.071841
0.071841
0.071841
0.071841
12859
12965
8834.5
6859.2
4180.4
2830.6
0.073372
0.073372
0.073372
0.073372
0.073372
12306
10538
8447
7017.9
5736.3
4680.9
4680.9
4680.9
4680.9
4680.9
4680.9
11739
9683.1
8215
6988.9
5946.9
5946.9
5946.9
5946.9
5946.9
5946.9
5946.9
9482.7
8837
7980.1
6915.1
6915.1
6915.1
6915.1
6915.1
6915.1
6915.1
6915.1
8701
7921.9
7540.7
7540.7
7540.7
7540.7
7540.7
7540.7
7540.7
7540.7
7540.7
8014.4
7307.9
7307.9
7307.9
7307.9
7307.9
7307.9
7307.9
7307.9
7307.9
7307.9
7617.7
16257
12850
8722
7821.7
7783.5
5074
2936.3
0.071524
0.075598
0.07635
0.07635
12860
9721.5
8748.7
7954.7
7823.8
4869.1
3198.3
0.074934
0.071835
0.071835
0.071835
12859
9895.3
9226.6
8307.9
6500
5014.4
3493.3
0.073003
0.073003
0.073003
0.073003
12872
12743
8830.6
9218.8
8127
4616.5
3805.2
3805.2
3805.2
3805.2
3805.2
12862
12857
10456
8187.2
6858.8
4169.4
4169.4
4169.4
4169.4
4169.4
4169.4
12440
12347
9740.9
8338.4
6984.5
6984.5
6984.5
6984.5
6984.5
6984.5
6984.5
12446
10513
9281.5
8198.9
8198.9
8198.9
8198.9
8198.9
8198.9
8198.9
8198.9
10409
9930.6
8616.8
8616.8
8616.8
8616.8
8616.8
8616.8
8616.8
8616.8
8616.8
9482.8
8852.1
8852.1
8852.1
8852.1
8852.1
8852.1
8852.1
8852.1
8852.1
8852.1
9347.2
16256
12864
9047.3
7825.1
7823.7
7783.4
5561.8
3774.2
0.072288
0.07163
0.07163
12870
9904.4
9078.2
7830.2
7789.8
7995.1
5271.8
4038.7
0.071957
0.071957
0.071957
12828
9901.3
9425.2
8761.7
8230.8
7037.5
5117.2
4170.1
4170.1
4170.1
4170.1
12862
12719
9673.8
9135.4
8714.7
6172.1
5185
5185
5185
5185
5185
12868
12851
10678
8701
9312.6
9011.1
9011.1
9011.1
9011.1
9011.1
9011.1
12860
12501
10695
9266.8
8026.8
8026.8
8026.8
8026.8
8026.8
8026.8
8026.8
12773
12570
10792
9450.8
9450.8
9450.8
9450.8
9450.8
9450.8
9450.8
9450.8
12316
11360
10131
10131
10131
10131
10131
10131
10131
10131
10131
12485
10580
10580
10580
10580
10580
10580
10580
10580
10580
10580
9988.7
6.9218
0.089312
0.089317
0.08932
0.082064
0.089323
0.082064
0.082064
0.089323
0.082064
0.082064
6975.7
0.079358
0.088145
0.084134
0.083529
0.086981
0.084655
0.08226
0.088617
0.088617
0.088617
6974.4
5820.9
0.079376
0.087819
0.088168
0.088244
0.086197
0.085263
0.085263
0.085263
0.085263
6969
6491.2
5049.6
0.079263
0.087039
0.088057
0.088167
0.088167
0.088167
0.088167
0.088167
6968.9
6789.8
5820.8
4592.4
0.079256
0.08387
0.08387
0.08387
0.08387
0.08387
0.08387
6968.9
6833.3
5976.4
5620.9
4222.4
4222.4
4222.4
4222.4
4222.4
4222.4
4222.4
6968.9
6838.3
6491.4
5820.7
5820.7
5820.7
5820.7
5820.7
5820.7
5820.7
5820.7
6974.2
6860.9
6683.6
6683.6
6683.6
6683.6
6683.6
6683.6
6683.6
6683.6
6683.6
6968.9
6877.5
6877.5
6877.5
6877.5
6877.5
6877.5
6877.5
6877.5
6877.5
6877.5
6968.9
17451
8625.8
2861.7
0.089117
0.089102
0.082038
0.089219
0.089308
0.089347
0.082059
0.082059
13894
7323.3
0.087949
3562.6
0.082452
0.085048
0.088835
0.0892
0.089152
0.089152
0.089152
8926.6
7142.4
4733.9
0.087147
0.088174
0.088241
1108
0.084507
0.084507
0.084507
0.084507
7791.9
6912.3
5799.9
3059.1
0.085263
0.088014
0.08821
0.08821
0.08821
0.08821
0.08821
7707.2
6809.2
5898.1
4679.6
2827.8
0.083056
0.083056
0.083056
0.083056
0.083056
0.083056
7374
6921.9
6372.4
5683.7
4225.7
4225.7
4225.7
4225.7
4225.7
4225.7
4225.7
7173.2
6928
6403.8
5833.3
5833.3
5833.3
5833.3
5833.3
5833.3
5833.3
5833.3
7200.9
7015.2
6497.7
6497.7
6497.7
6497.7
6497.7
6497.7
6497.7
6497.7
6497.7
7247.5
7084.2
7084.2
7084.2
7084.2
7084.2
7084.2
7084.2
7084.2
7084.2
7084.2
7231.5
17455
10508
8625.3
4008.4
2862.6
0.088354
0.089119
0.089132
0.082
0.089072
0.089072
14102
10928
6631.8
4657.9
2866.3
2220
0.085182
0.088414
0.089045
0.089045
0.089045
13893
10118
7321.5
5145.1
0.087948
0.088051
3705.4
0.079941
0.079941
0.079941
0.079941
11109
9179
7345.9
5907.5
4140.6
0.087756
0.088116
0.088116
0.088116
0.088116
0.088116
8925.3
8000.1
7142.1
5975.3
4734.7
1908.9
1908.9
1908.9
1908.9
1908.9
1908.9
8343.3
7844.9
6979.3
6120.1
5782.4
5782.4
5782.4
5782.4
5782.4
5782.4
5782.4
7790.8
7415.2
6907.5
6287.5
6287.5
6287.5
6287.5
6287.5
6287.5
6287.5
6287.5
7723
7456
6784.2
6784.2
6784.2
6784.2
6784.2
6784.2
6784.2
6784.2
6784.2
7707.2
7439.4
7439.4
7439.4
7439.4
7439.4
7439.4
7439.4
7439.4
7439.4
7439.4
7502.1
17454
14112
9933.4
8625.3
4719.6
4146.6
2868.8
0.086819
0.088485
0.08912
0.08912
14162
14117
9572.6
5907
4174.3
3736.2
3271.7
0.18835
0.086788
0.086788
0.086788
14206
13088
9366.9
7271.4
4016.7
3286.1
5280.2
2498.1
2498.1
2498.1
2498.1
13893
11553
9093.6
7322.2
5967.2
4253.7
0.087835
0.087835
0.087835
0.087835
0.087835
11707
10488
8707.5
7412.4
6134.6
4690.9
4690.9
4690.9
4690.9
4690.9
4690.9
9786.7
9413.7
8364.5
7304.4
6182.6
6182.6
6182.6
6182.6
6182.6
6182.6
6182.6
8925.3
8423.2
7795
7131.2
7131.2
7131.2
7131.2
7131.2
7131.2
7131.2
7131.2
8435.5
8017.7
7747.8
7747.8
7747.8
7747.8
7747.8
7747.8
7747.8
7747.8
7747.8
8147.2
7960.4
7960.4
7960.4
7960.4
7960.4
7960.4
7960.4
7960.4
7960.4
7960.4
7829.2
17454
14128
10495
9137.6
8624.2
5035.7
4014.5
3482.2
2871.4
0.080588
0.080588
14220
14110
10292
8437.7
5179.8
4766.3
4028.7
3595.1
2985
2985
2985
14102
14193
10927
8785
6374.9
5146
5204
3153.9
3153.9
3153.9
3153.9
14225
14157
10789
8531.8
7296.4
5987.2
0.079597
0.079597
0.079597
0.079597
0.079597
13894
12000
10094
8471.4
7321.5
6077.8
6077.8
6077.8
6077.8
6077.8
6077.8
12396
10913
9869.5
8533.9
7417.9
7417.9
7417.9
7417.9
7417.9
7417.9
7417.9
11109
9906.2
9180.4
8414
8414
8414
8414
8414
8414
8414
8414
9734
9031.1
8414.3
8414.3
8414.3
8414.3
8414.3
8414.3
8414.3
8414.3
8414.3
8925.6
8974.1
8974.1
8974.1
8974.1
8974.1
8974.1
8974.1
8974.1
8974.1
8974.1
8758.6
17456
14126
11111
10121
8679.7
8624.2
5510
4663.2
4187.8
3640.3
3640.3
14215
14106
11579
9642.8
7439.7
4915
5278.7
4414.9
4003.2
4003.2
4003.2
14159
14160
12841
9882.4
8837.3
6418
5382.8
5170.8
5170.8
5170.8
5170.8
14172
14186
11838
9827.4
8388.6
7210.7
4891.1
4891.1
4891.1
4891.1
4891.1
14217
14192
11806
9772.7
8491.5
7316.7
7316.7
7316.7
7316.7
7316.7
7316.7
13894
12419
10818
9596.6
8417.1
8417.1
8417.1
8417.1
8417.1
8417.1
8417.1
12466
12082
10477
9294.5
9294.5
9294.5
9294.5
9294.5
9294.5
9294.5
9294.5
11191
10475
9520.4
9520.4
9520.4
9520.4
9520.4
9520.4
9520.4
9520.4
9520.4
10996
9936.3
9936.3
9936.3
9936.3
9936.3
9936.3
9936.3
9936.3
9936.3
9936.3
9736
7.0752
0.1051
0.10521
0.10522
0.10544
0.10543
0.10521
0.10522
0.10522
0.10522
0.10522
9144.8
5997
3370.7
4041.3
4755.7
5117.7
6586.8
0.18515
0.10908
0.10908
0.10908
9152.4
7829.1
5997
0.098144
3332.7
3723.7
4038.5
3827.4
3827.4
3827.4
3827.4
9152.4
8161.1
7346.4
5997.8
2866.1
0.10186
3378.1
3378.1
3378.1
3378.1
3378.1
9152.4
8351.5
7832.3
7289.9
5997.1
5426.2
5426.2
5426.2
5426.2
5426.2
5426.2
9144.9
8553.1
8027.8
7370.6
7241.4
7241.4
7241.4
7241.4
7241.4
7241.4
7241.4
9152.3
8765.6
8163.3
7832.2
7832.2
7832.2
7832.2
7832.2
7832.2
7832.2
7832.2
9144.9
9212.2
8271.3
8271.3
8271.3
8271.3
8271.3
8271.3
8271.3
8271.3
8271.3
9152.3
9263.9
9263.9
9263.9
9263.9
9263.9
9263.9
9263.9
9263.9
9263.9
9263.9
9152.3
19170
7624.7
2743.1
0.11064
0.10356
0.10466
0.1047
0.10473
0.1048
0.10524
0.10524
13704
8009.1
6041.6
3622.5
3630.9
3782.6
4579.5
3140.9
1876.9
1876.9
1876.9
9806.5
8173.3
6900.7
5151.8
3551.8
2754.6
2641
3699.7
3699.7
3699.7
3699.7
9402
8320.7
7273.2
6729
5399.4
0.098105
3577.6
3577.6
3577.6
3577.6
3577.6
9382.8
8434.9
7878
7174.5
6678.7
5662.1
5662.1
5662.1
5662.1
5662.1
5662.1
9106.7
8578.2
8237.4
7323.6
7187.2
7187.2
7187.2
7187.2
7187.2
7187.2
7187.2
9055.9
8769.9
8317.2
7798.5
7798.5
7798.5
7798.5
7798.5
7798.5
7798.5
7798.5
9210.7
9017.9
8320.2
8320.2
8320.2
8320.2
8320.2
8320.2
8320.2
8320.2
8320.2
9298.9
9212.2
9212.2
9212.2
9212.2
9212.2
9212.2
9212.2
9212.2
9212.2
9212.2
9323.5
19169
12440
7811.6
4682.7
2723.1
2667.7
0.095859
0.10193
0.10357
0.10422
0.10422
15452
11064
7919.1
7303.3
5897.9
6087
6147.7
3961
3305.1
3305.1
3305.1
13704
10303
8009
6690.6
6038.4
4985.1
3339.7
3724.8
3724.8
3724.8
3724.8
10690
9282.8
8212.2
7096.5
6396.5
5320.7
4756.2
4756.2
4756.2
4756.2
4756.2
9917.6
9061.3
8172.8
7724.4
6900.9
5678
5678
5678
5678
5678
5678
9322.9
9115.8
8266.6
8016.2
7175.7
7175.7
7175.7
7175.7
7175.7
7175.7
7175.7
9401.5
8879.3
8321
7969.2
7969.2
7969.2
7969.2
7969.2
7969.2
7969.2
7969.2
9170.7
8971.7
8548
8548
8548
8548
8548
8548
8548
8548
8548
9382.7
8979.6
8979.6
8979.6
8979.6
8979.6
8979.6
8979.6
8979.6
8979.6
8979.6
9440.6
19169
15427
10480
8221.1
5330.1
4476.3
2859.1
2887.8
2629.2
0.10987
0.10987
15396
13091
8979.3
8334.3
7605.6
6450
5388.6
5178.7
4736.6
4736.6
4736.6
15500
12490
9860.3
8261.7
7076.3
6723.8
5567.3
5010.7
5010.7
5010.7
5010.7
13704
11211
9596.9
8001.7
6992.2
5464
5598.6
5598.6
5598.6
5598.6
5598.6
11271
10092
9228.7
8183.1
7795.8
6858.4
6858.4
6858.4
6858.4
6858.4
6858.4
10211
9730.3
9136.8
8139.3
7887.1
7887.1
7887.1
7887.1
7887.1
7887.1
7887.1
9805.6
9279.8
8908.5
8166.2
8166.2
8166.2
8166.2
8166.2
8166.2
8166.2
8166.2
9308.8
9285.2
8828.8
8828.8
8828.8
8828.8
8828.8
8828.8
8828.8
8828.8
8828.8
9279.9
9225.8
9225.8
9225.8
9225.8
9225.8
9225.8
9225.8
9225.8
9225.8
9225.8
9401.5
19168
15456
12429
10384
8224.9
6017.2
4682
3949.9
2716.5
2713.4
2713.4
15422
15432
11331
9569.6
8598.6
8079.1
6840.2
6140.9
5540
5540
5540
15452
14357
11064
9653.9
7920.5
7596.7
7304.1
6279.9
6279.9
6279.9
6279.9
15370
13144
10853
9346.3
8277.4
6787
6548.2
6548.2
6548.2
6548.2
6548.2
13704
12128
10335
9200.8
8009.7
7765
7765
7765
7765
7765
7765
11514
10978
9915.3
9178.4
8303.7
8303.7
8303.7
8303.7
8303.7
8303.7
8303.7
10718
10153
9284.1
9133
9133
9133
9133
9133
9133
9133
9133
10158
9640
9182.1
9182.1
9182.1
9182.1
9182.1
9182.1
9182.1
9182.1
9182.1
9918
9654.4
9654.4
9654.4
9654.4
9654.4
9654.4
9654.4
9654.4
9654.4
9654.4
9503.8
19168
15460
12874
10644
9917.5
7830.3
6393.4
5210.2
4615.6
3920.2
3920.2
15424
15436
12295
10392
9586
8656.9
8188.2
7108.1
6019
6019
6019
15396
15431
11969
10540
8579.1
8264.9
7742
7753.3
7753.3
7753.3
7753.3
15398
14567
11854
10257
9010.9
8146.2
7110.5
7110.5
7110.5
7110.5
7110.5
15420
13339
11365
9953.4
9056.8
8233.1
8233.1
8233.1
8233.1
8233.1
8233.1
13746
12248
11060
10231
9165.8
9165.8
9165.8
9165.8
9165.8
9165.8
9165.8
12490
11004
10182
9510.7
9510.7
9510.7
9510.7
9510.7
9510.7
9510.7
9510.7
11191
10462
9914.1
9914.1
9914.1
9914.1
9914.1
9914.1
9914.1
9914.1
9914.1
10532
10266
10266
10266
10266
10266
10266
10266
10266
10266
10266
9985.7
7.1543
0.13101
0.13037
0.13037
0.13048
0.1304
0.1304
0.1304
0.1304
0.1304
0.1304
10402
7398
4896.3
6027.8
6653.8
6682.8
6731.7
7779.9
7710.8
7710.8
7710.8
10402
10401
7400.8
6383.1
4895
4044.6
6006.1
6222.7
6222.7
6222.7
6222.7
10405
10405
10397
7400.9
6531.8
5861.2
4875.5
4875.5
4875.5
4875.5
4875.5
10402
10406
10402
10389
7467.1
6258.1
6258.1
6258.1
6258.1
6258.1
6258.1
10402
10406
10404
10398
7093.9
7093.9
7093.9
7093.9
7093.9
7093.9
7093.9
10405
10406
10405
10402
10402
10402
10402
10402
10402
10402
10402
10402
10405
10404
10404
10404
10404
10404
10404
10404
10404
10404
10402
10406
10406
10406
10406
10406
10406
10406
10406
10406
10406
10402
20982
9194.1
5699.6
5216
3009.1
0.1173
0.11425
0.11531
0.11691
0.12885
0.12885
13002
10150
6669.7
5544.9
4629
4457.1
3332.8
6027.9
7481.6
7481.6
7481.6
11358
10138
7913.3
6743
5473.8
4917
3597.9
3381.9
3381.9
3381.9
3381.9
12457
10411
10393
7555.7
6996.9
5990.1
5438.6
5438.6
5438.6
5438.6
5438.6
10419
10410
10399
10388
7648.1
7042.4
7042.4
7042.4
7042.4
7042.4
7042.4
10413
10408
10405
10395
7116
7116
7116
7116
7116
7116
7116
10409
10408
10406
10402
10402
10402
10402
10402
10402
10402
10402
10408
10408
10405
10405
10405
10405
10405
10405
10405
10405
10405
10407
10408
10408
10408
10408
10408
10408
10408
10408
10408
10408
10404
20983
12527
9193.8
7045.8
5698.2
4974
5223.5
4398.1
2996
47.602
47.602
16742
11780
8740.5
8795.1
7943.6
7349.9
6424.2
6601
6256.7
6256.7
6256.7
13002
11347
10101
8261.3
6683.1
6185.5
5501.3
5184
5184
5184
5184
11292
10745
9868.1
8315.5
7599.7
6826.1
5929.2
5929.2
5929.2
5929.2
5929.2
11381
10729
10375
7712.1
7888.5
6904.3
6904.3
6904.3
6904.3
6904.3
6904.3
10878
12910
11860
10393
0.12797
0.12797
0.12797
0.12797
0.12797
0.12797
0.12797
12470
11842
10411
10399
10399
10399
10399
10399
10399
10399
10399
10428
10418
10407
10407
10407
10407
10407
10407
10407
10407
10407
10416
10413
10413
10413
10413
10413
10413
10413
10413
10413
10413
10412
20983
16721
10762
9191.4
7709.3
6451.6
5706.1
5118.9
4803.6
5223.7
5223.7
16667
12872
10058
8680.9
7772
7002.8
7470.6
7347.9
6413.2
6413.2
6413.2
16958
12755
10984
10881
8886.7
8196.7
7815.5
6659.6
6659.6
6659.6
6659.6
13212
11724
10683
10101
9339.2
7993.8
6683.2
6683.2
6683.2
6683.2
6683.2
11946
11126
10653
9721.7
8511.4
7703
7703
7703
7703
7703
7703
11219
11039
10651
9860.4
9042.3
9042.3
9042.3
9042.3
9042.3
9042.3
9042.3
11358
10905
10550
10374
10374
10374
10374
10374
10374
10374
10374
11083
10676
12957
12957
12957
12957
12957
12957
12957
12957
12957
12295
12881
12881
12881
12881
12881
12881
12881
12881
12881
12881
12457
20983
16672
12519
10540
9192.1
8126.9
7049.9
6374.4
5701.6
5430
5430
16632
15203
11346
9628.5
8943.1
8206.8
7604.5
7357.2
6113.9
6113.9
6113.9
16743
14148
11779
9801.2
8739.4
10215
8800.3
7874.3
7874.3
7874.3
7874.3
16281
13538
11463
10567
11094
9460.4
8303.3
8303.3
8303.3
8303.3
8303.3
13212
12311
11349
10576
10100
9520
9520
9520
9520
9520
9520
11983
11524
10774
10484
9726.2
9726.2
9726.2
9726.2
9726.2
9726.2
9726.2
11292
11207
10737
10462
10462
10462
10462
10462
10462
10462
10462
11252
11120
10703
10703
10703
10703
10703
10703
10703
10703
10703
11381
10981
10981
10981
10981
10981
10981
10981
10981
10981
10981
11185
20983
16677
12807
10984
10435
9180.8
8233.4
7578.8
6686.6
6331.1
6331.1
16646
16717
12210
10722
9653.2
8925.6
8274.1
7650.6
7511.4
7511.4
7511.4
16675
15475
12269
11551
9458.1
8690
8357.2
9218
9218
9218
9218
16874
14459
12207
11085
11748
10656
10383
10383
10383
10383
10383
15139
13472
12175
11215
9847.6
11067
11067
11067
11067
11067
11067
13002
12409
11530
10956
10379
10379
10379
10379
10379
10379
10379
11977
11849
11327
10782
10782
10782
10782
10782
10782
10782
10782
11932
11317
10853
10853
10853
10853
10853
10853
10853
10853
10853
11238
11248
11248
11248
11248
11248
11248
11248
11248
11248
11248
11314
8.324
0.17053
0.17159
0.17246
0.17289
0.16054
0.16087
0.16117
0.16135
0.16142
0.16142
13058
6125.9
8316.5
5639.1
5180.3
5024
5684.3
6481.4
6245
6245
6245
13062
13049
6130.2
8694.7
8314.1
7377.8
5616
5560.5
5560.5
5560.5
5560.5
13064
13053
13044
5860.4
8875.6
8568.8
8307.6
8307.6
8307.6
8307.6
8307.6
13064
13055
13049
8384.2
5762.8
8990.8
8990.8
8990.8
8990.8
8990.8
8990.8
13064
13056
13051
13045
7222.6
7222.6
7222.6
7222.6
7222.6
7222.6
7222.6
13065
13057
13053
13048
13048
13048
13048
13048
13048
13048
13048
13065
13059
13055
13055
13055
13055
13055
13055
13055
13055
13055
13066
13061
13061
13061
13061
13061
13061
13061
13061
13061
13061
13065
22478
9214.5
6492.6
5247.4
4547.3
3492.3
2964.1
0.14231
0.14142
0.14151
0.14151
13130
11870
8475.4
7233.5
6045.8
6180.8
5232.9
5200.7
4994.2
4994.2
4994.2
13075
13054
10363
8621.5
7481.8
6986.3
6371.4
5009.3
5009.3
5009.3
5009.3
13066
13054
13044
9662.5
9378.7
8139.7
7812.7
7812.7
7812.7
7812.7
7812.7
13065
13056
13049
8713.8
9835
9605.4
9605.4
9605.4
9605.4
9605.4
9605.4
13064
13055
13051
13045
7441.2
7441.2
7441.2
7441.2
7441.2
7441.2
7441.2
13065
13057
13053
13048
13048
13048
13048
13048
13048
13048
13048
13065
13059
13055
13055
13055
13055
13055
13055
13055
13055
13055
13065
13060
13060
13060
13060
13060
13060
13060
13060
13060
13060
13065
22477
11678
9223.4
7369
6496.5
5825.7
5200
5110.9
4575.5
4474.2
4474.2
18119
13743
11645
9411.9
7739.6
7958.4
7397.3
7100
6152
6152
6152
13133
12033
11718
9786.5
8446.1
7818.4
7277
6791.6
6791.6
6791.6
6791.6
12471
15080
10591
10939
9581.1
8993.7
8101
8101
8101
8101
8101
13076
13062
13054
10508
10369
9824.9
9824.9
9824.9
9824.9
9824.9
9824.9
13068
13060
13054
13048
7819.4
7819.4
7819.4
7819.4
7819.4
7819.4
7819.4
13067
13060
13055
13050
13050
13050
13050
13050
13050
13050
13050
13066
13060
13056
13056
13056
13056
13056
13056
13056
13056
13056
13066
13061
13061
13061
13061
13061
13061
13061
13061
13061
13061
13066
22478
14644
11037
9222.4
7913.1
6826.4
6505.8
5891.8
5787.8
5208.8
5208.8
17909
13518
10130
11208
9979.8
8754.5
8735.2
7871.8
7696.1
7696.1
7696.1
16087
13291
13637
11387
10054
8915.5
8414.1
7571.3
7571.3
7571.3
7571.3
13134
12418
11627
11626
10191
9641.8
8441.8
8441.8
8441.8
8441.8
8441.8
12424
12266
15160
10512
10906
9824.4
9824.4
9824.4
9824.4
9824.4
9824.4
15809
14952
13062
13050
14390
14390
14390
14390
14390
14390
14390
13076
13067
13059
13054
13054
13054
13054
13054
13054
13054
13054
13070
13064
13059
13059
13059
13059
13059
13059
13059
13059
13059
13068
13064
13064
13064
13064
13064
13064
13064
13064
13064
13064
13068
22478
17964
11661
10818
9220
8028.1
7376.3
6735.1
6508.8
5990
5990
17894
14978
11394
9911.8
8972.9
10511
10309
8371.7
7971
7971
7971
18122
14571
13930
12100
11665
10077
9435.6
8809.7
8809.7
8809.7
8809.7
14943
13474
12438
13139
11256
10395
9302.8
9302.8
9302.8
9302.8
9302.8
13135
12736
12032
10745
11603
10318
10318
10318
10318
10318
10318
12436
12279
11876
15056
14711
14711
14711
14711
14711
14711
14711
12461
13873
15079
14433
14433
14433
14433
14433
14433
14433
14433
15429
14777
13066
13066
13066
13066
13066
13066
13066
13066
13066
13077
13070
13070
13070
13070
13070
13070
13070
13070
13070
13070
13072
22478
17942
13708
11266
10584
9222.2
8163.5
7474.7
7272.1
6694.4
6694.4
17909
18002
13048
10505
9801.8
9007.2
8301.2
9402.1
9872.4
9872.4
9872.4
17914
15443
13137
10476
11751
11393
10540
9474.9
9474.9
9474.9
9474.9
18289
14440
13103
13581
12428
11384
10263
10263
10263
10263
10263
14344
13318
12630
11654
13315
11171
11171
11171
11171
11171
11171
13136
12730
12131
11585
14527
14527
14527
14527
14527
14527
14527
12617
12398
12233
11783
11783
11783
11783
11783
11783
11783
11783
12484
12296
12404
12404
12404
12404
12404
12404
12404
12404
12404
12462
15518
15518
15518
15518
15518
15518
15518
15518
15518
15518
15100
10195
0.3235
0.28785
0.28785
0.30219
0.28785
0.30219
0.30219
0.28785
0.28785
0.28785
15903
15012
12722
11821
11280
8638.4
8567.5
8373.1
8043.4
8043.4
8043.4
15902
15644
15011
14263
12722
12406
11820
11417
11417
11417
11417
15903
15659
15444
15011
14557
14066
12722
12722
12722
12722
12722
15903
15817
15644
15327
15012
14686
14686
14686
14686
14686
14686
15902
15965
15649
15539
15212
15212
15212
15212
15212
15212
15212
15902
16098
15659
15644
15644
15644
15644
15644
15644
15644
15644
15903
16012
15748
15748
15748
15748
15748
15748
15748
15748
15748
15903
15932
15932
15932
15932
15932
15932
15932
15932
15932
15932
15903
23910
8796
6596.5
6160.8
5415.8
5348.6
5082.4
4654.4
0.18868
0.18403
0.18403
14095
13676
12815
10940
10415
8503.2
8404.9
7979.2
7900.8
7900.8
7900.8
15669
15249
14568
13790
12582
12519
12248
10877
10877
10877
10877
16011
15648
15244
14685
14413
13488
12941
12941
12941
12941
12941
16202
15808
15508
15123
14935
14579
14579
14579
14579
14579
14579
15981
15844
15604
15447
15122
15122
15122
15122
15122
15122
15122
15799
15985
15755
15578
15578
15578
15578
15578
15578
15578
15578
15909
16239
16007
16007
16007
16007
16007
16007
16007
16007
16007
16128
16297
16297
16297
16297
16297
16297
16297
16297
16297
16297
16283
23909
11649
8796.1
7422
6595.1
6728.5
6160.5
5135.5
5419.4
5416.1
5416.1
16234
12141
10911
10432
9326.6
8918.6
8673.4
8661.7
6743.4
6743.4
6743.4
14095
13949
13676
12821
12815
11159
10939
10725
10725
10725
10725
14769
15030
14611
14365
13588
13466
13091
13091
13091
13091
13091
15669
15263
15250
15001
14568
14263
14263
14263
14263
14263
14263
15767
15475
15450
15130
14803
14803
14803
14803
14803
14803
14803
16010
15858
15649
15466
15466
15466
15466
15466
15466
15466
15466
16162
16254
15763
15763
15763
15763
15763
15763
15763
15763
15763
16202
15838
15838
15838
15838
15838
15838
15838
15838
15838
15838
15910
23909
13676
10357
8796.1
7867.4
7302.9
6595.2
6681.1
6616.7
6160.5
6160.5
19310
13419
11282
10196
9318.9
9080.1
8243.9
8253.8
8171.8
8171.8
8171.8
14224
12986
12599
12219
11336
11150
10661
9594.3
9594.3
9594.3
9594.3
14098
14058
13736
13676
12885
12926
12814
12814
12814
12814
12814
14649
14677
14631
14496
14220
13399
13399
13399
13399
13399
13399
15153
15164
15047
14771
14667
14667
14667
14667
14667
14667
14667
15669
15352
15276
15249
15249
15249
15249
15249
15249
15249
15249
15781
15532
15366
15366
15366
15366
15366
15366
15366
15366
15366
15820
15647
15647
15647
15647
15647
15647
15647
15647
15647
15647
16012
23909
20465
11651
9943.2
8796.1
7931.6
7422.1
7178.5
6596.4
6633.8
6633.8
19279
14957
12182
10645
9652.3
8946.1
8755
8367.5
7828.8
7828.8
7828.8
16235
13410
12141
11730
10909
10567
10431
10254
10254
10254
10254
13583
13280
13072
12643
13007
11973
11565
11565
11565
11565
11565
14095
14128
13949
13787
13676
13393
13393
13393
13393
13393
13393
14456
14589
14555
14434
14375
14375
14375
14375
14375
14375
14375
14769
15061
15028
14856
14856
14856
14856
14856
14856
14856
14856
15267
15206
15259
15259
15259
15259
15259
15259
15259
15259
15259
15669
15417
15417
15417
15417
15417
15417
15417
15417
15417
15417
15809
23909
21315
12571
10857
9707.8
8795.9
8203.2
7697.2
7215.5
7024.6
7024.6
19277
16384
12676
11170
10261
9471.1
9011.5
8564.3
8149.8
8149.8
8149.8
19320
15061
12717
11544
11046
10417
10288
9527
9527
9527
9527
14398
13348
12593
12395
11969
11789
11198
11198
11198
11198
11198
13568
13494
13383
13185
12758
13124
13124
13124
13124
13124
13124
14098
14169
14041
13949
13747
13747
13747
13747
13747
13747
13747
14308
14462
14496
14461
14461
14461
14461
14461
14461
14461
14461
14693
14752
14848
14848
14848
14848
14848
14848
14848
14848
14848
14974
15160
15160
15160
15160
15160
15160
15160
15160
15160
15160
15296
15082
7939.1
7939.1
7939.1
7939.1
7939.1
7939.1
7939.1
7939.1
7939.1
7939.1
20157
18439
16354
15239
14807
14231
11344
11352
11216
11216
11216
20157
19243
18438
17715
16354
15630
15239
15030
15030
15030
15030
20157
19561
18937
18439
17959
17498
16354
16354
16354
16354
16354
20157
19788
19243
18790
18439
18098
18098
18098
18098
18098
18098
20157
19944
19409
19122
18719
18719
18719
18719
18719
18719
18719
20157
20050
19561
19243
19243
19243
19243
19243
19243
19243
19243
20157
20108
19683
19683
19683
19683
19683
19683
19683
19683
19683
20157
20161
20161
20161
20161
20161
20161
20161
20161
20161
20161
20157
25008
9652.4
8232.3
8353.1
7395.9
7573.4
7461.8
8527.2
8889.4
8591.4
8591.4
16496
16880
16133
14989
13577
13169
12115
11661
11427
11427
11427
18971
18758
17921
17209
16361
15779
15448
15186
15186
15186
15186
19811
19417
18824
18223
17894
17074
16457
16457
16457
16457
16457
19935
19589
19170
18676
18221
18032
18032
18032
18032
18032
18032
20135
19953
19387
19045
18477
18477
18477
18477
18477
18477
18477
20211
20101
19721
19312
19312
19312
19312
19312
19312
19312
19312
20189
20145
19955
19955
19955
19955
19955
19955
19955
19955
19955
20180
20171
20171
20171
20171
20171
20171
20171
20171
20171
20171
20179
25008
12117
9652.4
8717.6
8232.3
8152.2
8352.9
7879.4
7396
7440.4
7440.4
14576
14107
13992
13657
12234
12371
12280
12117
11762
11762
11762
16496
17010
16880
16186
16133
15566
14989
14343
14343
14343
14343
18242
18225
18173
17478
17047
16843
16363
16363
16363
16363
16363
18970
19096
18758
18298
17921
17724
17724
17724
17724
17724
17724
19455
19626
19204
18735
18306
18306
18306
18306
18306
18306
18306
19811
19658
19417
19152
19152
19152
19152
19152
19152
19152
19152
19836
19702
19444
19444
19444
19444
19444
19444
19444
19444
19444
19935
19855
19855
19855
19855
19855
19855
19855
19855
19855
19855
20044
25008
14391
10929
9652.4
9035.7
8199.5
8232.3
7958.2
8350.5
8352.9
8352.9
20622
13479
12677
12013
11838
12122
10987
11034
11429
11429
11429
14574
15225
15422
15313
14927
14896
14439
13404
13404
13404
13404
16496
17111
17073
16880
16328
16168
16133
16133
16133
16133
16133
17730
18000
17989
17851
17523
16883
16883
16883
16883
16883
16883
18544
18684
18645
18479
18160
18160
18160
18160
18160
18160
18160
18970
19157
18974
18758
18758
18758
18758
18758
18758
18758
18758
19232
19484
19453
19453
19453
19453
19453
19453
19453
19453
19453
19636
19761
19761
19761
19761
19761
19761
19761
19761
19761
19761
19811
25008
21101
12118
10555
9652.4
8757.7
8717.7
8567.2
8232.3
7996.6
7996.6
20401
14707
12587
11722
11451
11536
10945
10835
10197
10197
10197
14577
14061
14106
13889
13992
13369
13657
13652
13652
13652
13652
14825
15646
15844
15801
15686
15471
15365
15365
15365
15365
15365
16496
17048
17010
17044
16880
16407
16407
16407
16407
16407
16407
17556
17779
17868
17868
17743
17743
17743
17743
17743
17743
17743
18241
18217
18225
18243
18243
18243
18243
18243
18243
18243
18243
18783
18853
18888
18888
18888
18888
18888
18888
18888
18888
18888
18970
19123
19123
19123
19123
19123
19123
19123
19123
19123
19123
19117
25008
21536
13245
11331
10321
9652.4
9082.2
8911.8
8423.8
8533.9
8533.9
20385
15977
13062
11910
11374
11067
10686
10469
10362
10362
10362
18294
14148
13399
13157
13047
12964
12734
12711
12711
12711
12711
14261
14621
14875
14833
14788
14844
14353
14353
14353
14353
14353
15459
15877
16076
16198
16061
16015
16015
16015
16015
16015
16015
16496
17007
17093
17075
17044
17044
17044
17044
17044
17044
17044
17481
17570
17705
17769
17769
17769
17769
17769
17769
17769
17769
17970
18106
18066
18066
18066
18066
18066
18066
18066
18066
18066
18360
18493
18493
18493
18493
18493
18493
18493
18493
18493
18493
18907
18448
10112
10112
10112
10112
10112
10112
10112
10112
10112
10112
24075
22478
20427
20071
17714
17148
16759
16950
17078
17078
17078
24075
23395
22478
21347
20427
20432
20071
18497
18497
18497
18497
24075
23733
22941
22478
21812
20771
20427
20427
20427
20427
20427
24075
23922
23395
22732
22478
22013
22013
22013
22013
22013
22013
24075
23968
23626
23121
22646
22646
22646
22646
22646
22646
22646
24075
23985
23733
23395
23395
23395
23395
23395
23395
23395
23395
24075
24015
23821
23821
23821
23821
23821
23821
23821
23821
23821
24075
24020
24020
24020
24020
24020
24020
24020
24020
24020
24020
24075
25799
10561
10394
12206
11925
13565
12850
11988
11824
9962.3
9962.3
23974
23057
20639
18553
18455
17792
16589
16583
16402
16402
16402
23549
23528
23498
22487
20864
19180
17583
16724
16724
16724
16724
23940
23540
22989
22295
21712
21094
20502
20502
20502
20502
20502
23798
23610
23305
22903
22276
21804
21804
21804
21804
21804
21804
23845
23684
23457
23158
22803
22803
22803
22803
22803
22803
22803
23894
23762
23567
23317
23317
23317
23317
23317
23317
23317
23317
23923
23817
23639
23639
23639
23639
23639
23639
23639
23639
23639
23941
23862
23862
23862
23862
23862
23862
23862
23862
23862
23862
23954
25799
13079
10561
10813
10393
12339
12206
12164
11925
12717
12717
14897
21236
17413
16806
16440
16400
15696
16506
15570
15570
15570
23974
23263
23057
22941
20638
18833
18554
18599
18599
18599
18599
23546
23546
23535
23507
23358
22034
20885
20885
20885
20885
20885
23549
23543
23528
23513
23498
23471
23471
23471
23471
23471
23471
23546
23548
23680
23036
22557
22557
22557
22557
22557
22557
22557
23940
23872
23540
23315
23315
23315
23315
23315
23315
23315
23315
23838
23737
23594
23594
23594
23594
23594
23594
23594
23594
23594
23798
23740
23740
23740
23740
23740
23740
23740
23740
23740
23740
23820
25799
19052
11664
10561
10651
10803
10393
12318
12114
12206
12206
21040
19166
14167
14946
14914
14831
14553
15642
15367
15367
15367
23351
23729
21731
21676
20050
18631
18104
17446
17446
17446
17446
23974
23744
23173
23057
22995
21529
20638
20638
20638
20638
20638
23551
23545
23541
23528
23458
23320
23320
23320
23320
23320
23320
23545
23549
23542
23535
23523
23523
23523
23523
23523
23523
23523
23549
23548
23539
23528
23528
23528
23528
23528
23528
23528
23528
23548
23543
23535
23535
23535
23535
23535
23535
23535
23535
23535
23546
23874
23874
23874
23874
23874
23874
23874
23874
23874
23874
23940
25799
22504
13079
11157
10561
10570
10813
10920
10394
12335
12335
21801
18476
13293
13261
13814
13978
13652
13678
15903
15903
15903
14897
22224
21235
17026
17413
16843
16805
16920
16920
16920
16920
23883
24002
22688
22343
22254
22148
20228
20228
20228
20228
20228
23974
23804
23263
23148
23057
23010
23010
23010
23010
23010
23010
23684
23548
23543
23533
23456
23456
23456
23456
23456
23456
23456
23546
23546
23546
23539
23539
23539
23539
23539
23539
23539
23539
23546
23549
23547
23547
23547
23547
23547
23547
23547
23547
23547
23549
23549
23549
23549
23549
23549
23549
23549
23549
23549
23549
23550
25799
23429
17753
12172
10900
10561
10583
10929
10595
10952
10952
21766
16247
13719
12758
12719
12953
13056
13132
12840
12840
12840
15760
21284
20711
19773
15587
15861
15903
15649
15649
15649
15649
22643
23235
18566
20945
21007
21028
19940
19940
19940
19940
19940
24004
24007
23868
22667
22571
22510
22510
22510
22510
22510
22510
23974
23831
23678
23203
23135
23135
23135
23135
23135
23135
23135
23755
23552
23543
23538
23538
23538
23538
23538
23538
23538
23538
23549
23547
23546
23546
23546
23546
23546
23546
23546
23546
23546
23545
23546
23546
23546
23546
23546
23546
23546
23546
23546
23546
23546
25456
19153
19153
19153
19153
19153
19153
19153
19153
19153
19153
28013
27999
27261
26409
25676
25172
24318
24170
23989
23989
23989
28013
28008
27999
27961
27260
26839
26409
25828
25828
25828
25828
28013
28011
28005
27999
27990
27631
27260
27260
27260
27260
27260
28013
28012
28008
28003
27999
27993
27993
27993
27993
27993
27993
28013
28013
28011
28006
28002
28002
28002
28002
28002
28002
28002
28013
28013
28011
28008
28008
28008
28008
28008
28008
28008
28008
28013
28013
28012
28012
28012
28012
28012
28012
28012
28012
28012
28013
28013
28013
28013
28013
28013
28013
28013
28013
28013
28013
28013
28041
17562
19964
20515
20541
21217
21387
21484
21550
21609
21609
28093
27919
27325
26698
25701
25395
24436
24227
24084
24084
24084
28008
28009
27999
27978
27314
26985
26416
26170
26170
26170
26170
28013
28011
28006
28000
27991
27674
27284
27284
27284
27284
27284
28015
28013
28008
28004
28000
27994
27994
27994
27994
27994
27994
28015
28013
28010
28007
28004
28004
28004
28004
28004
28004
28004
28015
28014
28012
28009
28009
28009
28009
28009
28009
28009
28009
28015
28014
28012
28012
28012
28012
28012
28012
28012
28012
28012
28014
28014
28014
28014
28014
28014
28014
28014
28014
28014
28014
28014
28041
15842
17562
19219
19963
19716
20515
19774
20541
21050
21050
21465
27037
27010
26025
25156
24622
23895
24626
24114
24114
24114
28093
27993
27919
27885
27325
26820
26698
26301
26301
26301
26301
28005
28008
28005
27997
27986
27824
27355
27355
27355
27355
27355
28008
28010
28009
28004
27999
27993
27993
27993
27993
27993
27993
28011
28011
28010
28007
28004
28004
28004
28004
28004
28004
28004
28013
28013
28011
28008
28008
28008
28008
28008
28008
28008
28008
28015
28014
28012
28012
28012
28012
28012
28012
28012
28012
28012
28015
28014
28014
28014
28014
28014
28014
28014
28014
28014
28014
28015
28041
22806
16308
17562
17836
19804
19963
19573
20081
20515
20515
19429
20570
24733
25740
24375
23963
23428
23126
22975
22975
22975
28011
28098
27479
27472
27265
26667
26186
25819
25819
25819
25819
28093
28008
27963
27919
27902
27558
27325
27325
27325
27325
27325
28006
28006
28005
28002
27995
27984
27984
27984
27984
27984
27984
28006
28008
28008
28006
28003
28003
28003
28003
28003
28003
28003
28008
28010
28010
28009
28009
28009
28009
28009
28009
28009
28009
28010
28011
28011
28011
28011
28011
28011
28011
28011
28011
28011
28012
28012
28012
28012
28012
28012
28012
28012
28012
28012
28012
28013
28041
27311
15843
16478
17562
18377
19218
19858
19964
19565
19565
25696
17689
20214
21522
22122
22550
22100
22347
22357
22357
22357
21465
27856
27037
26950
27010
26510
26025
25582
25582
25582
25582
28114
28132
27772
27662
27647
27639
27132
27132
27132
27132
27132
28093
28036
27993
27944
27919
27906
27906
27906
27906
27906
27906
28007
28006
28005
28004
27999
27999
27999
27999
27999
27999
27999
28005
28007
28008
28007
28007
28007
28007
28007
28007
28007
28007
28007
28008
28009
28009
28009
28009
28009
28009
28009
28009
28009
28008
28010
28010
28010
28010
28010
28010
28010
28010
28010
28010
28010
28041
27699
17871
15809
16680
17562
18230
17787
19832
20011
20011
25879
16047
18017
19691
20888
21419
21715
22402
22127
22127
22127
25061
26772
25608
26117
26473
26393
25784
25284
25284
25284
25284
27756
28070
27571
27219
27321
27354
27250
27250
27250
27250
27250
28135
28127
28044
27771
27739
27729
27729
27729
27729
27729
27729
28093
28054
28003
27977
27937
27937
27937
27937
27937
27937
27937
28009
28006
28005
28004
28004
28004
28004
28004
28004
28004
28004
28006
28006
28006
28006
28006
28006
28006
28006
28006
28006
28006
28006
28007
28007
28007
28007
28007
28007
28007
28007
28007
28007
28007
32967
32967
32967
32967
32967
32967
32967
32967
32967
32967
32967
32967
32967
32967
32967
32967
32967
32967
32967
32967
32967
32967
32967
32967
32967
32967
32967
32967
32967
32967
32967
32967
32967
32967
32967
32967
32967
32967
32967
32967
32967
32967
32967
32967
32967
32967
32967
32967
32967
32967
32967
32967
32967
32967
32967
32967
32967
32967
32967
32967
32967
32967
32967
32967
32967
32967
32967
32967
32967
32967
32967
32967
32967
32967
32967
32967
32967
32967
32967
32967
32967
32967
32967
32967
32967
32967
32967
32967
32967
32967
32967
32967
32967
32967
32967
32967
32967
32967
32967
32967
32967
32967
32967
32967
32967
32967
32967
32967
32967
32967
32967
32967
32967
32967
32967
32967
32967
32967
32967
32967
32967
32967
32967
32967
32967
32967
32967
32967
32967
32967
32967
32967
32967
32967
32967
32967
32967
32967
32967
32967
32967
32967
32967
32967
32967
32967
32967
32967
32967
32967
32967
32967
32967
32967
32967
32967
32967
32967
32967
32967
32967
32967
32967
32967
32967
32967
32967
32967
32967
32967
32967
32967
32967
32967
32967
32967
32967
32967
32967
32967
32967
32967
32967
32967
32967
32967
32967
32967
32967
32967
32967
32967
32967
32967
32967
32967
32967
32967
32967
32967
32967
32967
32967
32967
32967
32967
32967
32967
32967
32967
32967
32967
32967
32967
32967
32967
32967
32967
32967
32967
32967
32967
32967
32967
32967
32967
32967
32967
32967
32967
32967
32967
32967
32967
32967
32967
32967
32967
32967
32967
32967
32967
32967
32967
32967
32967
32967
32967
32967
32967
32967
32967
32967
32967
32967
32967
32967
32967
32967
32967
32967
32967
32967
32967
32967
32967
32967
32967
32967
32967
32967
32967
32967
32967
32967
32967
32967
32967
32967
32967
32967
32967
32967
32967
32967
32967
32967
32967
32967
32967
32967
32967
32967
32967
32967
32967
32967
32967
32967
32967
32967
32967
32967
32967
32967
32967
32967
32967
32967
32967
32967
32967
32967
32967
32967
32967
32967
32967
32967
32967
32967
32967
32967
32967
32967
32967
32967
32967
32967
32967
32967
32967
32967
32967
32967
32967
32967
32967
32967
32967
32967
32967
32967
32967
32967
32967
32967
32967
32967
32967
32967
32967
32967
32967
32967
32967
32967
32967
32967
32967
32967
32967
32967
32967
32967
32967
32967
32967
32967
32967
32967
32967
32967
32967
32967
32967
32967
32967
32967
32967
32967
32967
32967
32967
32967
32967
32967
32967
32967
32967
32967
32967
32967
32967
32967
32967
32967
32967
32967
32967
32967
32967
32967
32967
32967
32967
32967
32967
32967
32967
32967
32967
32967
32967
32967
32967
32967
32967
32967
32967
32967
32967
32967
32967
32967
32967
32967
32967
32967
32967
32967
32967
32967
32967
32967
32967
32967
32967
32967
32967
32967
32967
32967
32967
32967
32967
32967
32967
32967
32967
32967
32967
32967
32967
32967
32967
32967
32967
32967
32967
32967
32967
32967
32967
32967
32967
32967
32967
32967
32967
32967
32967
32967
32967
32967
32967
32967
32967
32967
32967
32967
32967
32967
32967
32967
32967
32967
32967
32967
32967
32967
32967
32967
32967
32967
32967
32967
32967
32967
32967
32967
32967
32967
32967
32967
32967
32967
32967
32967
32967
32967
32967
32967
32967
32967
32967
32967
32967
32967
32967
32967
32967
32967
32967
32967
32967
32967
32967
32967
32967
32967
32967
32967
32967
32967
32967
32967
32967
32967
32967
32967
32967
32967
32967
32967
32967
32967
32967
32967
32967
32967
32967
32967
32967
32967
32967
32967
32967
32967
32967
32967
32967
32967
32967
32967
32967
32967
32967
32967
32967
32967
32967
32967
32967
32967
32967
32967
32967
32967
32967
32967
32967
32967
32967
32967
32967
32967
32967
32967
32967
32967
32967
32967
32967
32967
32967
32967
32967
32967
32967
