0.10989
0.10989
0.10989
0.10989
0.10989
0.10989
0.10989
0.10989
0.10989
0.10989
0.10989
0.10989
0.10989
0.10989
0.10989
0.10989
0.10989
0.10989
0.10989
0.10989
0.10989
0.10989
0.10989
0.10989
0.10989
0.10989
0.10989
0.10989
0.10989
0.10989
0.10989
0.10989
0.10989
0.10989
0.10989
0.10989
0.10989
0.10989
0.10989
0.10989
0.10989
0.10989
0.10989
0.10989
0.10989
0.10989
0.10989
0.10989
0.10989
0.10989
0.10989
0.10989
0.10989
0.10989
0.10989
0.10989
0.10989
0.10989
0.10989
0.10989
0.10989
0.10989
0.10989
0.10989
0.10989
0.10989
0.10989
0.10989
0.10989
0.10989
0.10989
0.10989
0.10989
0.10989
0.10989
0.10989
0.10989
0.10989
0.10989
0.10989
0.10989
0.10989
0.10989
0.10989
0.10989
0.10989
0.10989
0.10989
0.10989
0.10989
0.10989
0.10989
0.10989
0.10989
0.10989
0.10989
0.10989
0.10989
0.10989
0.10989
0.10989
0.10989
0.10989
0.10989
0.10989
0.10989
0.10989
0.10989
0.10989
0.10989
0.10989
0.10989
0.10989
0.10989
0.10989
0.10989
0.10989
0.10989
0.10989
0.10989
0.10989
0.10989
0.10989
0.10989
0.10989
0.10989
0.10989
0.10989
0.10989
0.10989
0.10989
0.10989
0.10989
0.10989
0.10989
0.10989
0.10989
0.10989
0.10989
0.10989
0.10989
0.10989
0.10989
0.10989
0.10989
0.10989
0.10989
0.10989
0.10989
0.10989
0.10989
0.10989
0.10989
0.10989
0.10989
0.10989
0.10989
0.10989
0.10989
0.10989
0.10989
0.10989
0.10989
0.10989
0.10989
0.10989
0.10989
0.10989
0.10989
0.10989
0.10989
0.10989
0.10989
0.10989
0.10989
0.10989
0.10989
0.10989
0.10989
0.10989
0.10989
0.10989
0.10989
0.10989
0.10989
0.10989
0.10989
0.10989
0.10989
0.10989
0.10989
0.10989
0.10989
0.10989
0.10989
0.10989
0.10989
0.10989
0.10989
0.10989
0.10989
0.10989
0.10989
0.10989
0.10989
0.10989
0.10989
0.10989
0.10989
0.10989
0.10989
0.10989
0.10989
0.10989
0.10989
0.10989
0.10989
0.10989
0.10989
0.10989
0.10989
0.10989
0.10989
0.10989
0.10989
0.10989
0.10989
0.10989
0.10989
0.10989
0.10989
0.10989
0.10989
0.10989
0.10989
0.10989
0.10989
0.10989
0.10989
0.10989
0.10989
0.10989
0.10989
0.10989
0.10989
0.10989
0.10989
0.10989
0.10989
0.10989
0.10989
0.10989
0.10989
0.10989
0.10989
0.10989
0.10989
0.10989
0.10989
0.10989
0.10989
0.10989
0.10989
0.10989
0.10989
0.10989
0.10989
0.10989
0.10989
0.10989
0.10989
0.10989
0.10989
0.10989
0.10989
0.10989
0.10989
0.10989
0.10989
0.10989
0.10989
0.10989
0.10989
0.10989
0.10989
0.10989
0.10989
0.10989
0.10989
0.10989
0.10989
0.10989
0.10989
0.10989
0.10989
0.10989
0.10989
0.10989
0.10989
0.10989
0.10989
0.10989
0.10989
0.10989
0.10989
0.10989
0.10989
0.10989
0.10989
0.10989
0.10989
0.10989
0.10989
0.10989
0.10989
0.10989
0.10989
0.10989
0.10989
0.10989
0.10989
0.10989
0.10989
0.10989
0.10989
0.10989
0.10989
0.10989
0.10989
0.10989
0.10989
0.10989
0.10989
0.10989
0.10989
0.10989
0.10989
0.10989
0.10989
0.10989
0.10989
0.10989
0.10989
0.10989
0.10989
0.10989
0.10989
0.10989
0.10989
0.10989
0.10989
0.10989
0.10989
0.10989
0.10989
0.10989
0.10989
0.10989
0.10989
0.10989
0.10989
0.10989
0.10989
0.10989
0.10989
0.10989
0.10989
0.10989
0.10989
0.10989
0.10989
0.10989
0.10989
0.10989
0.10989
0.10989
0.10989
0.10989
0.10989
0.10989
0.10989
0.10989
0.10989
0.10989
0.10989
0.10989
0.10989
0.10989
0.10989
0.10989
0.10989
0.10989
0.10989
0.10989
0.10989
0.10989
0.10989
0.10989
0.10989
0.10989
0.10989
0.10989
0.10989
0.10989
0.10989
0.10989
0.10989
0.10989
0.10989
0.10989
0.10989
0.10989
0.10989
0.10989
0.10989
0.10989
0.10989
0.10989
0.10989
0.10989
0.10989
0.10989
0.10989
0.10989
0.10989
0.10989
0.10989
0.10989
0.10989
0.10989
0.10989
0.10989
0.10989
0.10989
0.10989
0.10989
0.10989
0.10989
0.10989
0.10989
0.10989
0.10989
0.10989
0.10989
0.10989
0.10989
0.10989
0.10989
0.10989
0.10989
0.10989
0.10989
0.10989
0.10989
0.10989
0.10989
0.10989
0.10989
0.10989
0.10989
0.10989
0.10989
0.10989
0.10989
0.10989
0.10989
0.10989
0.10989
0.10989
0.10989
0.10989
0.10989
0.10989
0.10989
0.10989
0.10989
0.10989
0.10989
0.10989
0.10989
0.10989
0.10989
0.10989
0.10989
0.10989
0.10989
0.10989
0.10989
0.10989
0.10989
0.10989
0.10989
0.10989
0.10989
0.10989
0.10989
0.10989
0.10989
0.10989
0.10989
0.10989
0.10989
0.10989
0.10989
0.10989
0.10989
0.10989
0.10989
0.10989
0.10989
0.10989
0.10989
0.10989
0.10989
0.10989
0.10989
0.10989
0.10989
0.10989
0.10989
0.10989
0.10989
0.10989
0.10989
0.10989
0.10989
0.10989
0.10989
0.10989
0.10989
0.10989
0.10989
0.10989
0.10989
0.10989
0.10989
0.10989
0.10989
0.10989
0.10989
0.10989
0.10989
0.10989
0.10989
0.10989
0.10989
0.10989
0.10989
0.10989
0.10989
0.10989
0.10989
0.10989
0.10989
0.10989
0.10989
0.10989
0.10989
0.10989
0.10989
0.10989
0.10989
0.10989
0.10989
0.10989
0.10989
0.10989
0.10989
0.10989
0.10989
0.10989
0.10989
0.10989
0.10989
0.10989
0.10989
0.10989
0.10989
0.10989
0.10989
0.10989
0.10989
0.10989
0.10989
0.10989
0.10989
0.10989
0.10989
0.10989
0.10989
0.10989
0.10989
0.10989
0.10989
0.10989
0.10989
0.10989
0.10989
0.10989
0.10989
0.12048
0.12109
0.12093
0.12085
0.12093
0.1209
0.12088
0.12088
0.12087
0.121
0.121
14.857
0.12093
0.12097
0.12098
0.12094
0.12092
0.1209
0.12089
0.12089
0.12089
0.12089
14.756
0.12096
0.12098
0.121
0.12097
0.12094
0.12093
0.12091
0.12091
0.12091
0.12091
14.767
0.12111
0.121
0.12094
0.12099
0.12097
0.12096
0.12096
0.12096
0.12096
0.12096
14.805
0.1211
0.12102
0.121
0.12092
0.12099
0.12099
0.12099
0.12099
0.12099
0.12099
14.818
0.12107
0.121
0.121
0.12098
0.12098
0.12098
0.12098
0.12098
0.12098
0.12098
14.724
14.667
0.12095
0.121
0.121
0.121
0.121
0.121
0.121
0.121
0.121
14.727
14.612
0.12105
0.12105
0.12105
0.12105
0.12105
0.12105
0.12105
0.12105
0.12105
14.728
14.578
14.578
14.578
14.578
14.578
14.578
14.578
14.578
14.578
14.578
14.728
0.12048
0.12119
0.12098
0.12086
0.12094
0.1209
0.12089
0.12088
0.12087
0.121
0.121
594.65
0.12092
0.12099
0.12098
0.12095
0.12092
0.1209
0.1209
0.12089
0.12089
0.12089
595.37
0.12097
0.12101
0.12087
0.12097
0.12095
0.12093
0.12091
0.12091
0.12091
0.12091
14.548
0.12102
0.12102
0.12095
0.12099
0.12097
0.12096
0.12096
0.12096
0.12096
0.12096
14.65
0.12102
0.12101
0.121
0.12093
0.12099
0.12099
0.12099
0.12099
0.12099
0.12099
14.73
0.12177
0.12099
0.12101
0.12098
0.12098
0.12098
0.12098
0.12098
0.12098
0.12098
14.765
14.634
0.12103
0.12101
0.12101
0.12101
0.12101
0.12101
0.12101
0.12101
0.12101
14.684
14.605
0.12099
0.12099
0.12099
0.12099
0.12099
0.12099
0.12099
0.12099
0.12099
14.696
14.569
14.569
14.569
14.569
14.569
14.569
14.569
14.569
14.569
14.569
14.704
48.59
649.65
0.12089
0.1209
0.12096
0.12091
0.12089
0.12088
0.12088
0.121
0.121
593.21
593.37
0.12093
0.12086
0.12096
0.12093
0.12091
0.1209
0.12089
0.12089
0.12089
587.19
599.24
0.12095
0.12091
0.12098
0.12096
0.12093
0.12092
0.12092
0.12092
0.12092
591.03
449.98
0.12098
0.12097
0.12101
0.12098
0.12096
0.12096
0.12096
0.12096
0.12096
636.95
170.47
0.121
0.12093
0.12095
0.121
0.121
0.121
0.121
0.121
0.121
644.73
179.34
0.12096
0.12103
0.12099
0.12099
0.12099
0.12099
0.12099
0.12099
0.12099
14.653
14.51
0.12107
0.12101
0.12101
0.12101
0.12101
0.12101
0.12101
0.12101
0.12101
14.619
14.59
0.121
0.121
0.121
0.121
0.121
0.121
0.121
0.121
0.121
14.683
14.535
14.535
14.535
14.535
14.535
14.535
14.535
14.535
14.535
14.535
14.72
50.63
656.1
374.51
0.12088
0.12098
0.12093
0.1209
0.12089
0.12088
0.12088
0.12088
596.61
598.74
505.22
0.1209
0.12098
0.12094
0.12092
0.1209
0.1209
0.1209
0.1209
599.03
601.09
338.94
0.12093
0.12099
0.12096
0.12094
0.12093
0.12093
0.12093
0.12093
601.7
597.3
147.36
0.1209
0.12091
0.12098
0.12097
0.12097
0.12097
0.12097
0.12097
595.02
604.17
116.82
0.12099
0.12096
0.12101
0.12101
0.12101
0.12101
0.12101
0.12101
595.93
635.85
37.517
0.12099
0.12101
0.12101
0.12101
0.12101
0.12101
0.12101
0.12101
642.93
637.34
0.12113
0.12099
0.12099
0.12099
0.12099
0.12099
0.12099
0.12099
0.12099
637.04
638.02
0.1211
0.1211
0.1211
0.1211
0.1211
0.1211
0.1211
0.1211
0.1211
639.23
15.057
15.057
15.057
15.057
15.057
15.057
15.057
15.057
15.057
15.057
14.658
700.17
598.14
644.04
20.879
0.12089
0.12095
0.12092
0.1209
0.12089
0.12089
0.12089
606.3
615.06
607.73
238.03
0.12083
0.12096
0.12093
0.12091
0.1209
0.1209
0.1209
595.27
597.34
612.13
121.72
0.1209
0.12098
0.12095
0.12094
0.12094
0.12094
0.12094
598.34
613.41
608.61
59.474
0.12092
0.121
0.12098
0.12098
0.12098
0.12098
0.12098
612.36
607.84
627.52
0.12115
0.121
0.12092
0.12092
0.12092
0.12092
0.12092
0.12092
605.44
598.67
683.45
0.12108
0.12093
0.12093
0.12093
0.12093
0.12093
0.12093
0.12093
594.16
601.94
454.7
0.12102
0.12102
0.12102
0.12102
0.12102
0.12102
0.12102
0.12102
610.88
614.39
386.28
386.28
386.28
386.28
386.28
386.28
386.28
386.28
386.28
627.81
631.82
631.82
631.82
631.82
631.82
631.82
631.82
631.82
631.82
631.82
628.78
701.95
599.78
646.63
505.19
18.501
0.12087
0.12094
0.12092
0.1209
0.12089
0.12089
625.9
602.14
600.27
663.08
100.75
0.12094
0.12094
0.12093
0.12091
0.12091
0.12091
586.93
604.75
603.93
669.21
0.12089
0.12097
0.12096
0.12095
0.12095
0.12095
0.12095
605.57
605.04
601.87
640.09
0.12107
0.1209
0.12099
0.12099
0.12099
0.12099
0.12099
604.05
601.71
614.37
447.12
0.12104
0.12093
0.12093
0.12093
0.12093
0.12093
0.12093
616.94
613.35
607.2
377.87
0.12106
0.12106
0.12106
0.12106
0.12106
0.12106
0.12106
610.84
605.62
595.24
166.93
166.93
166.93
166.93
166.93
166.93
166.93
166.93
602.34
594.68
599.68
599.68
599.68
599.68
599.68
599.68
599.68
599.68
599.68
610.8
597.79
597.79
597.79
597.79
597.79
597.79
597.79
597.79
597.79
597.79
598.34
0.13254
0.13087
0.13075
0.13058
0.13053
0.13034
0.13027
0.13026
0.1302
0.13015
0.13015
909.81
0.13058
0.13071
0.13044
0.13039
0.13031
0.13025
0.1302
0.13016
0.13016
0.13016
1146.8
0.13141
0.12972
0.13053
0.13033
0.13029
0.13025
0.13022
0.13022
0.13022
0.13022
1178.5
0.1317
0.13011
0.1305
0.13043
0.1303
0.13029
0.13029
0.13029
0.13029
0.13029
1186.6
0.13133
0.13172
0.13016
0.1304
0.13037
0.13037
0.13037
0.13037
0.13037
0.13037
1191.1
0.13169
0.13014
0.13009
0.13047
0.13047
0.13047
0.13047
0.13047
0.13047
0.13047
1190.7
0.1317
0.13162
0.1316
0.1316
0.1316
0.1316
0.1316
0.1316
0.1316
0.1316
1191.3
0.13156
0.1319
0.1319
0.1319
0.1319
0.1319
0.1319
0.1319
0.1319
0.1319
1191.7
0.13151
0.13151
0.13151
0.13151
0.13151
0.13151
0.13151
0.13151
0.13151
0.13151
1192
0.13254
0.13116
0.13073
0.13054
0.13048
0.13035
0.13027
0.13019
0.13014
0.13009
0.13009
2156.9
0.13193
0.12998
0.13043
0.13039
0.13031
0.13025
0.1302
0.13017
0.13017
0.13017
2153.4
0.13176
0.13022
0.1305
0.13033
0.1303
0.13025
0.13022
0.13022
0.13022
0.13022
2080.3
0.13188
0.13028
0.13053
0.1305
0.13031
0.13029
0.13029
0.13029
0.13029
0.13029
1644.9
0.13169
0.13176
0.13017
0.13041
0.13044
0.13044
0.13044
0.13044
0.13044
0.13044
1659.1
0.13149
0.13071
0.13008
0.13077
0.13077
0.13077
0.13077
0.13077
0.13077
0.13077
1562
0.13178
0.13164
0.13162
0.13162
0.13162
0.13162
0.13162
0.13162
0.13162
0.13162
1577
0.13149
0.13189
0.13189
0.13189
0.13189
0.13189
0.13189
0.13189
0.13189
0.13189
1202.7
0.1315
0.1315
0.1315
0.1315
0.1315
0.1315
0.1315
0.1315
0.1315
0.1315
1237.8
2170
2164.9
0.13048
0.13
0.13048
0.13036
0.13026
0.13019
0.13013
0.1301
0.1301
2164.9
2166.2
0.13033
0.13048
0.13038
0.13031
0.13026
0.13021
0.13017
0.13017
0.13017
2162.4
2166
0.13022
0.13053
0.1304
0.13031
0.13026
0.13022
0.13022
0.13022
0.13022
2160.4
0.13003
0.1317
0.12978
0.13045
0.1303
0.1303
0.1303
0.1303
0.1303
0.1303
2157.1
0.13148
0.13185
0.13014
0.1305
0.13046
0.13046
0.13046
0.13046
0.13046
0.13046
2156.3
0.13152
0.13154
0.13014
0.13161
0.13161
0.13161
0.13161
0.13161
0.13161
0.13161
2076.5
0.1315
0.13169
0.13171
0.13171
0.13171
0.13171
0.13171
0.13171
0.13171
0.13171
1651
0.1315
0.13199
0.13199
0.13199
0.13199
0.13199
0.13199
0.13199
0.13199
0.13199
1644.1
0.13151
0.13151
0.13151
0.13151
0.13151
0.13151
0.13151
0.13151
0.13151
0.13151
1676
2171.9
2163.2
2158.2
0.13012
0.13042
0.13035
0.13028
0.13024
0.1302
0.13017
0.13017
2163.3
2166.6
0.12944
0.12987
0.13036
0.13033
0.13026
0.13022
0.13018
0.13018
0.13018
2164.7
2164.8
0.12999
0.13004
0.13045
0.13039
0.13027
0.13028
0.13028
0.13028
0.13028
2165.4
2165.3
0.13028
0.13016
0.13044
0.13039
0.13031
0.13031
0.13031
0.13031
0.13031
2152.5
2165.2
0.13163
0.13016
0.12976
0.13051
0.13051
0.13051
0.13051
0.13051
0.13051
2148.7
2165.6
0.13188
0.13164
0.13017
0.13017
0.13017
0.13017
0.13017
0.13017
0.13017
2160.5
2156.5
0.13136
0.13176
0.13176
0.13176
0.13176
0.13176
0.13176
0.13176
0.13176
2159.9
0.12986
0.13152
0.13152
0.13152
0.13152
0.13152
0.13152
0.13152
0.13152
0.13152
2149.5
0.13031
0.13031
0.13031
0.13031
0.13031
0.13031
0.13031
0.13031
0.13031
0.13031
2077.4
2170
2160.1
2161.6
0.12912
0.1305
0.13036
0.13028
0.13022
0.13014
0.1301
0.1301
2166.5
2161.3
2166.4
0.13037
0.13048
0.13041
0.13028
0.13023
0.13019
0.13019
0.13019
2166.4
2166.6
2165.2
0.13008
0.1298
0.13048
0.13031
0.13024
0.13024
0.13024
0.13024
2163.1
2163.5
2165.9
0.13061
0.13094
0.13037
0.13029
0.13029
0.13029
0.13029
0.13029
2152.3
2165.6
2158.2
0.13144
0.13003
0.13055
0.13055
0.13055
0.13055
0.13055
0.13055
2162
2157.5
0.12992
0.13189
0.13012
0.13012
0.13012
0.13012
0.13012
0.13012
0.13012
2162.7
2164.7
0.13025
0.13062
0.13062
0.13062
0.13062
0.13062
0.13062
0.13062
0.13062
2152.2
2160.6
0.13001
0.13001
0.13001
0.13001
0.13001
0.13001
0.13001
0.13001
0.13001
2161.2
2163.8
2163.8
2163.8
2163.8
2163.8
2163.8
2163.8
2163.8
2163.8
2163.8
2155.9
2172.5
2165.3
2164.9
2161.6
0.13014
0.13037
0.13033
0.13024
0.13024
0.13018
0.13018
2166.7
2161.7
2160.2
2164.1
0.12988
0.13036
0.13032
0.13025
0.13021
0.13021
0.13021
2167
2158.2
2166.5
2164.8
0.13003
0.13037
0.13028
0.13029
0.13029
0.13029
0.13029
2165.8
2166.1
2165.8
1717.3
0.13
0.13055
0.13043
0.13043
0.13043
0.13043
0.13043
2163.5
2164.4
2160.6
0.12953
0.13014
0.12977
0.12977
0.12977
0.12977
0.12977
0.12977
2153.7
2155.5
2165.3
0.13006
0.1306
0.1306
0.1306
0.1306
0.1306
0.1306
0.1306
2163.5
2164.3
2165.9
0.13065
0.13065
0.13065
0.13065
0.13065
0.13065
0.13065
0.13065
2153.1
2165.3
2164.9
2164.9
2164.9
2164.9
2164.9
2164.9
2164.9
2164.9
2164.9
2157.1
2161.7
2161.7
2161.7
2161.7
2161.7
2161.7
2161.7
2161.7
2161.7
2161.7
2157.1
0.17991
0.1381
0.13841
0.13856
0.13852
0.13847
0.13829
0.13826
0.13826
0.13826
0.13826
3309.3
0.13884
0.13844
0.13855
0.13846
0.13847
0.13835
0.13832
0.13829
0.13829
0.13829
3332.6
0.1406
0.13878
0.1387
0.13861
0.13847
0.1384
0.13837
0.13837
0.13837
0.13837
3336.2
0.1407
0.13856
0.13852
0.13863
0.13865
0.13853
0.13853
0.13853
0.13853
0.13853
3337.5
0.14074
0.13955
0.13857
0.13852
0.13853
0.13853
0.13853
0.13853
0.13853
0.13853
3334
0.14113
0.14056
0.13856
0.13865
0.13865
0.13865
0.13865
0.13865
0.13865
0.13865
3338.6
0.14107
0.14071
0.1394
0.1394
0.1394
0.1394
0.1394
0.1394
0.1394
0.1394
3334.6
0.14114
0.1407
0.1407
0.1407
0.1407
0.1407
0.1407
0.1407
0.1407
0.1407
3334.7
0.14113
0.14113
0.14113
0.14113
0.14113
0.14113
0.14113
0.14113
0.14113
0.14113
3339.1
2973
0.13894
0.1384
0.1388
0.13847
0.13848
0.13831
0.13839
0.13826
0.13826
0.13826
3568.9
0.13865
0.1384
0.13875
0.13856
0.13849
0.13844
0.13841
0.13839
0.13839
0.13839
3572.2
0.14032
0.13857
0.13871
0.13869
0.1386
0.13851
0.13846
0.13846
0.13846
0.13846
3565.9
0.13891
0.13856
0.13852
0.13859
0.13864
0.1386
0.1386
0.1386
0.1386
0.1386
3548.9
0.14077
0.1406
0.13858
0.13852
0.13853
0.13853
0.13853
0.13853
0.13853
0.13853
3117.6
0.14112
0.13869
0.13856
0.13865
0.13865
0.13865
0.13865
0.13865
0.13865
0.13865
3090.4
0.14113
0.14071
0.13906
0.13906
0.13906
0.13906
0.13906
0.13906
0.13906
0.13906
2940.5
0.14114
0.14071
0.14071
0.14071
0.14071
0.14071
0.14071
0.14071
0.14071
0.14071
3067.3
0.14113
0.14113
0.14113
0.14113
0.14113
0.14113
0.14113
0.14113
0.14113
0.14113
3129.5
2975.7
3589.2
0.13875
0.13879
0.13851
0.13841
0.13835
0.13831
0.13828
0.13826
0.13826
3583.7
3588.6
0.13861
0.13871
0.13853
0.13842
0.13836
0.13834
0.13833
0.13833
0.13833
3573.2
0.13914
0.13856
0.13857
0.13864
0.13854
0.13844
0.13838
0.13838
0.13838
0.13838
3563.6
0.13958
0.13894
0.13865
0.13853
0.13859
0.13856
0.13856
0.13856
0.13856
0.13856
3568.6
0.1399
0.14059
0.13857
0.13854
0.13853
0.13853
0.13853
0.13853
0.13853
0.13853
3571.9
0.14114
0.14059
0.13865
0.13859
0.13859
0.13859
0.13859
0.13859
0.13859
0.13859
3571.2
0.14107
0.14068
0.14063
0.14063
0.14063
0.14063
0.14063
0.14063
0.14063
0.14063
3555.2
0.14114
0.14068
0.14068
0.14068
0.14068
0.14068
0.14068
0.14068
0.14068
0.14068
3537.4
0.14117
0.14117
0.14117
0.14117
0.14117
0.14117
0.14117
0.14117
0.14117
0.14117
3146.5
2977.2
3581.2
3583
0.13843
0.13873
0.13845
0.13837
0.13841
0.13838
0.1383
0.1383
3583.2
3589.9
0.13937
0.13858
0.13866
0.13848
0.13849
0.13843
0.13839
0.13839
0.13839
3577.4
3579.7
0.13908
0.13865
0.13855
0.13858
0.13848
0.1384
0.1384
0.1384
0.1384
3578
3578.3
0.1396
0.13858
0.13852
0.13855
0.13856
0.13856
0.13856
0.13856
0.13856
3575.1
3577.8
0.14014
0.13863
0.13865
0.13853
0.13853
0.13853
0.13853
0.13853
0.13853
3568.6
3574.6
0.13895
0.13938
0.13857
0.13857
0.13857
0.13857
0.13857
0.13857
0.13857
3572.2
2047.1
0.14054
0.1406
0.1406
0.1406
0.1406
0.1406
0.1406
0.1406
0.1406
3571.3
0.13922
0.14077
0.14077
0.14077
0.14077
0.14077
0.14077
0.14077
0.14077
0.14077
3570.7
0.13972
0.13972
0.13972
0.13972
0.13972
0.13972
0.13972
0.13972
0.13972
0.13972
3571.9
3597.1
3589.4
3586.6
0.13948
0.13828
0.13862
0.13853
0.13845
0.13837
0.13835
0.13835
3590.2
3585.8
3591.1
0.13927
0.13853
0.13857
0.13856
0.13837
0.13843
0.13843
0.13843
3584.9
3587.3
3587
0.1392
0.1386
0.13856
0.13857
0.13856
0.13856
0.13856
0.13856
3577.1
3579.3
3582.9
0.13939
0.13857
0.13854
0.13856
0.13856
0.13856
0.13856
0.13856
3580.5
3580.1
0.13888
0.13869
0.13859
0.13862
0.13862
0.13862
0.13862
0.13862
0.13862
3570.6
3570.2
0.13932
0.13877
0.13859
0.13859
0.13859
0.13859
0.13859
0.13859
0.13859
3570.7
3575
0.13949
0.13971
0.13971
0.13971
0.13971
0.13971
0.13971
0.13971
0.13971
3565
3580.7
0.13981
0.13981
0.13981
0.13981
0.13981
0.13981
0.13981
0.13981
0.13981
3572.3
3579.3
3579.3
3579.3
3579.3
3579.3
3579.3
3579.3
3579.3
3579.3
3579.3
3564.5
3592.3
3582.8
3580.4
3585.3
0.13898
0.13853
0.13856
0.13853
0.13837
0.13835
0.13835
3585.1
3588.3
3588.5
3583.2
0.13866
0.13854
0.13856
0.13857
0.13849
0.13849
0.13849
3588.3
3582
3583.6
3533.4
0.13865
0.13858
0.13856
0.13857
0.13857
0.13857
0.13857
3582.1
3584.3
3584.9
0.13964
0.13866
0.13858
0.13854
0.13854
0.13854
0.13854
0.13854
3576.3
3578.1
3586.7
0.13869
0.13866
0.13857
0.13857
0.13857
0.13857
0.13857
0.13857
3581.4
3580.1
3579.9
0.13894
0.13928
0.13928
0.13928
0.13928
0.13928
0.13928
0.13928
3569.4
3574.5
3580.5
0.13923
0.13923
0.13923
0.13923
0.13923
0.13923
0.13923
0.13923
3574.4
3576
3536.9
3536.9
3536.9
3536.9
3536.9
3536.9
3536.9
3536.9
3536.9
3566.3
3571.3
3571.3
3571.3
3571.3
3571.3
3571.3
3571.3
3571.3
3571.3
3571.3
3572.4
0.27492
0.14782
0.14783
0.14782
0.14782
0.14786
0.14782
0.14782
0.14782
0.14782
0.14782
5273.5
0.14782
0.14784
0.14783
0.14783
0.14782
0.14782
0.14782
0.14785
0.14785
0.14785
5716.7
0.14794
0.14781
0.14783
0.14782
0.14786
0.14782
0.14782
0.14782
0.14782
0.14782
9622.9
0.14872
0.14785
0.14781
0.14783
0.14782
0.14782
0.14782
0.14782
0.14782
0.14782
9621.5
0.1491
0.14794
0.1478
0.1478
0.14783
0.14783
0.14783
0.14783
0.14783
0.14783
9598.2
0.14902
0.14881
0.14789
0.14784
0.14784
0.14784
0.14784
0.14784
0.14784
0.14784
9593.9
0.14919
0.1492
0.14795
0.14795
0.14795
0.14795
0.14795
0.14795
0.14795
0.14795
9587.5
0.14935
0.14881
0.14881
0.14881
0.14881
0.14881
0.14881
0.14881
0.14881
0.14881
9583
0.14923
0.14923
0.14923
0.14923
0.14923
0.14923
0.14923
0.14923
0.14923
0.14923
9586.3
5101.1
0.14872
0.14784
0.14782
0.14782
0.14782
0.14786
0.14786
0.14785
0.14782
0.14782
4858.7
0.14799
0.14784
0.14783
0.14782
0.14782
0.14782
0.14782
0.14785
0.14785
0.14785
5251.5
0.14816
0.14784
0.14784
0.14786
0.14782
0.14786
0.14782
0.14782
0.14782
0.14782
5797.7
0.1489
0.14786
0.14784
0.14784
0.14784
0.14782
0.14782
0.14782
0.14782
0.14782
9812.3
0.14888
0.14794
0.1478
0.1478
0.14783
0.14783
0.14783
0.14783
0.14783
0.14783
9784.2
0.14906
0.14806
0.14781
0.1478
0.1478
0.1478
0.1478
0.1478
0.1478
0.1478
9758.5
0.14919
0.14874
0.14795
0.14795
0.14795
0.14795
0.14795
0.14795
0.14795
0.14795
9735.2
0.1492
0.14882
0.14882
0.14882
0.14882
0.14882
0.14882
0.14882
0.14882
0.14882
9719.3
0.14923
0.14923
0.14923
0.14923
0.14923
0.14923
0.14923
0.14923
0.14923
0.14923
9711.3
5099.9
4967.2
0.14782
0.14782
0.14786
0.14782
0.14782
0.14785
0.14785
0.14785
0.14785
4897.8
0.14919
0.14781
0.14782
0.14782
0.14782
0.14786
0.14782
0.14782
0.14782
0.14782
4866.7
0.1492
0.14781
0.14784
0.14784
0.14782
0.14786
0.14786
0.14786
0.14786
0.14786
4891.5
0.14897
0.14796
0.14784
0.14784
0.14782
0.14786
0.14786
0.14786
0.14786
0.14786
5329.7
0.14912
0.14796
0.1478
0.1478
0.14783
0.14783
0.14783
0.14783
0.14783
0.14783
7711.4
0.14935
0.14935
0.14781
0.1478
0.1478
0.1478
0.1478
0.1478
0.1478
0.1478
7986.3
0.14919
0.14923
0.14794
0.14794
0.14794
0.14794
0.14794
0.14794
0.14794
0.14794
9050.8
0.14922
0.14888
0.14888
0.14888
0.14888
0.14888
0.14888
0.14888
0.14888
0.14888
9776.1
0.14927
0.14927
0.14927
0.14927
0.14927
0.14927
0.14927
0.14927
0.14927
0.14927
9782.8
5100.5
4968.4
0.14916
0.14784
0.14786
0.14786
0.14782
0.14785
0.14785
0.14782
0.14782
4931.1
4942.7
0.14928
0.14784
0.14784
0.14782
0.14786
0.14786
0.14782
0.14782
0.14782
4922.1
4853.2
0.14922
0.14781
0.14783
0.14782
0.14786
0.14786
0.14786
0.14786
0.14786
4865.6
0.1486
0.14877
0.14781
0.1478
0.14784
0.14782
0.14782
0.14782
0.14782
0.14782
4886.3
0.14927
0.14932
0.14781
0.1478
0.14783
0.14783
0.14783
0.14783
0.14783
0.14783
9405.7
0.14926
0.14936
0.14795
0.1478
0.1478
0.1478
0.1478
0.1478
0.1478
0.1478
5410.3
0.14929
0.14903
0.14795
0.14795
0.14795
0.14795
0.14795
0.14795
0.14795
0.14795
7664.6
0.1493
0.14918
0.14918
0.14918
0.14918
0.14918
0.14918
0.14918
0.14918
0.14918
7799.6
0.14927
0.14927
0.14927
0.14927
0.14927
0.14927
0.14927
0.14927
0.14927
0.14927
7985.4
5104.2
4969.3
4974
0.14885
0.14784
0.14782
0.14782
0.14786
0.14782
0.14782
0.14782
4956.9
4952.3
4786.8
0.14797
0.14784
0.14784
0.14786
0.14782
0.14782
0.14782
0.14782
4904.5
4932
0.14909
0.14797
0.14784
0.14782
0.14782
0.14782
0.14782
0.14782
0.14782
4890.1
4899.2
0.14933
0.14869
0.1478
0.14783
0.14782
0.14782
0.14782
0.14782
0.14782
4867
4861.9
0.14932
0.14796
0.1478
0.1478
0.1478
0.1478
0.1478
0.1478
0.1478
4892.3
0.1489
0.14923
0.14803
0.14789
0.14789
0.14789
0.14789
0.14789
0.14789
0.14789
4880.1
0.14919
0.14926
0.14907
0.14907
0.14907
0.14907
0.14907
0.14907
0.14907
0.14907
5389.9
0.1491
0.14927
0.14927
0.14927
0.14927
0.14927
0.14927
0.14927
0.14927
0.14927
5519.6
0.1491
0.1491
0.1491
0.1491
0.1491
0.1491
0.1491
0.1491
0.1491
0.1491
7584.4
5102.9
4971.5
4970.2
1739.7
0.14799
0.14784
0.14782
0.14782
0.14786
0.14782
0.14782
4951.7
4959.2
4976.3
0.14911
0.14781
0.14783
0.14784
0.14786
0.14786
0.14786
0.14786
4941.8
4938.9
4888.1
0.14939
0.148
0.14783
0.14784
0.14786
0.14786
0.14786
0.14786
4915.3
4937.3
4964.8
0.14937
0.14826
0.14781
0.14783
0.14783
0.14783
0.14783
0.14783
4902.1
4888.2
0.14899
0.14896
0.14869
0.1478
0.1478
0.1478
0.1478
0.1478
0.1478
4893.6
4870.1
0.14929
0.14889
0.14868
0.14868
0.14868
0.14868
0.14868
0.14868
0.14868
4881.4
2714.2
0.14934
0.14928
0.14928
0.14928
0.14928
0.14928
0.14928
0.14928
0.14928
4880.4
0.14905
0.14935
0.14935
0.14935
0.14935
0.14935
0.14935
0.14935
0.14935
0.14935
4860.1
0.14898
0.14898
0.14898
0.14898
0.14898
0.14898
0.14898
0.14898
0.14898
0.14898
5131.7
1.2577
0.15692
0.15646
0.15749
0.15741
0.15791
0.15736
0.15735
0.15735
0.15734
0.15734
7486.5
0.1587
0.15852
0.15789
0.1576
0.15754
0.15753
0.15751
0.15749
0.15749
0.15749
7630.3
0.15605
0.15865
0.1567
0.15834
0.15796
0.15646
0.1576
0.1576
0.1576
0.1576
7743.5
0.15566
0.15602
0.15675
0.15855
0.15666
0.15828
0.15828
0.15828
0.15828
0.15828
7866
0.156
0.156
0.1586
0.15864
0.15671
0.15671
0.15671
0.15671
0.15671
0.15671
7844.3
0.15515
0.15681
0.15604
0.15673
0.15673
0.15673
0.15673
0.15673
0.15673
0.15673
7863.1
0.15537
0.15694
0.15674
0.15674
0.15674
0.15674
0.15674
0.15674
0.15674
0.15674
7872
0.15477
0.15705
0.15705
0.15705
0.15705
0.15705
0.15705
0.15705
0.15705
0.15705
7877.5
0.15498
0.15498
0.15498
0.15498
0.15498
0.15498
0.15498
0.15498
0.15498
0.15498
7849.4
7052.1
0.15708
0.15794
0.15809
0.15746
0.15741
0.15739
0.15737
0.15736
0.15736
0.15736
6149.5
0.15675
0.15854
0.15803
0.15763
0.15753
0.15752
0.15751
0.15749
0.15749
0.15749
7472
0.15593
0.15863
0.15855
0.15841
0.158
0.15774
0.15761
0.15761
0.15761
0.15761
7722.8
0.15546
0.15671
0.15863
0.15855
0.15851
0.1566
0.1566
0.1566
0.1566
0.1566
7636.1
0.15611
0.15676
0.15671
0.15863
0.15856
0.15856
0.15856
0.15856
0.15856
0.15856
7710.1
0.15519
0.15681
0.15603
0.15862
0.15862
0.15862
0.15862
0.15862
0.15862
0.15862
7722.7
0.1549
0.15553
0.15674
0.15674
0.15674
0.15674
0.15674
0.15674
0.15674
0.15674
7610.2
0.15473
0.15552
0.15552
0.15552
0.15552
0.15552
0.15552
0.15552
0.15552
0.15552
7916
0.15505
0.15505
0.15505
0.15505
0.15505
0.15505
0.15505
0.15505
0.15505
0.15505
7928.9
7068.9
6079.6
0.15666
0.15646
0.15745
0.15745
0.15743
0.15795
0.1574
0.15739
0.15739
6155.6
5821.7
0.15856
0.15661
0.15779
0.15757
0.15749
0.15807
0.15748
0.15748
0.15748
6156.4
0.15671
0.15605
0.15857
0.15847
0.15655
0.15782
0.15765
0.15765
0.15765
0.15765
9806.5
0.15603
0.15603
0.15862
0.15857
0.15852
0.15839
0.15839
0.15839
0.15839
0.15839
7548.9
0.15509
0.15594
0.15602
0.15862
0.15673
0.15673
0.15673
0.15673
0.15673
0.15673
7684.8
0.15526
0.15685
0.15597
0.15861
0.15861
0.15861
0.15861
0.15861
0.15861
0.15861
7715.4
0.15506
0.15536
0.15597
0.15597
0.15597
0.15597
0.15597
0.15597
0.15597
0.15597
7743.4
0.15485
0.15565
0.15565
0.15565
0.15565
0.15565
0.15565
0.15565
0.15565
0.15565
7784
0.15509
0.15509
0.15509
0.15509
0.15509
0.15509
0.15509
0.15509
0.15509
0.15509
7614.9
7052.9
6162.2
6010.4
0.15826
0.15645
0.15745
0.15743
0.15798
0.15742
0.15795
0.15795
6153.7
6117.7
0.15609
0.15667
0.15818
0.15646
0.15754
0.15748
0.15747
0.15747
0.15747
6154.3
6111.1
0.15522
0.15859
0.15848
0.15831
0.15796
0.15772
0.15772
0.15772
0.15772
6155.8
4607.9
0.15536
0.15861
0.15862
0.15668
0.15844
0.15844
0.15844
0.15844
0.15844
6133.3
0.1577
0.1553
0.15673
0.15861
0.15674
0.15674
0.15674
0.15674
0.15674
0.15674
7198.8
0.15705
0.15541
0.15675
0.15859
0.15859
0.15859
0.15859
0.15859
0.15859
0.15859
7432.2
0.15537
0.15707
0.1568
0.1568
0.1568
0.1568
0.1568
0.1568
0.1568
0.1568
7671.7
0.15492
0.15707
0.15707
0.15707
0.15707
0.15707
0.15707
0.15707
0.15707
0.15707
7681.4
0.15471
0.15471
0.15471
0.15471
0.15471
0.15471
0.15471
0.15471
0.15471
0.15471
7707.2
7056.5
6149.7
6084
0.1558
0.15819
0.15776
0.15749
0.15799
0.15798
0.15743
0.15743
6144.6
6163.2
6190.2
0.15516
0.15839
0.15654
0.15769
0.15814
0.15807
0.15807
0.15807
6162.9
6147.7
5761.6
0.15665
0.15671
0.15841
0.15819
0.15649
0.15649
0.15649
0.15649
6155.4
6020.2
0.15712
0.15595
0.15672
0.15855
0.15847
0.15847
0.15847
0.15847
0.15847
6156.5
6175.8
0.15656
0.15678
0.15861
0.15862
0.15862
0.15862
0.15862
0.15862
0.15862
6146.3
4449.5
0.15577
0.15582
0.15604
0.15604
0.15604
0.15604
0.15604
0.15604
0.15604
9729.9
0.15818
0.15595
0.15682
0.15682
0.15682
0.15682
0.15682
0.15682
0.15682
0.15682
7188.8
0.15741
0.15499
0.15499
0.15499
0.15499
0.15499
0.15499
0.15499
0.15499
0.15499
7592
0.155
0.155
0.155
0.155
0.155
0.155
0.155
0.155
0.155
0.155
7638.6
6700.3
6146.7
6145.7
2114.4
0.15508
0.15815
0.15782
0.15812
0.15743
0.15798
0.15798
6161
6166.6
6067
6186.5
0.15665
0.15661
0.15805
0.15771
0.15755
0.15755
0.15755
6158.4
6148.1
6152.3
0.15642
0.15853
0.15851
0.15831
0.15654
0.15654
0.15654
0.15654
6161.5
6147.3
6180.9
0.15566
0.15675
0.15672
0.15667
0.15667
0.15667
0.15667
0.15667
6152.7
6057.5
4643.6
0.15657
0.15676
0.15861
0.15861
0.15861
0.15861
0.15861
0.15861
6158.2
6057
0.1576
0.1567
0.15678
0.15678
0.15678
0.15678
0.15678
0.15678
0.15678
6138
6177.2
0.158
0.15677
0.15677
0.15677
0.15677
0.15677
0.15677
0.15677
0.15677
6161
4157.2
0.15816
0.15816
0.15816
0.15816
0.15816
0.15816
0.15816
0.15816
0.15816
7414.9
0.1586
0.1586
0.1586
0.1586
0.1586
0.1586
0.1586
0.1586
0.1586
0.1586
7306.3
5.5257
0.16431
0.16934
0.16384
0.1694
0.16382
0.16381
0.16941
0.16941
0.16941
0.16941
9404.7
0.16615
0.16426
0.16396
0.16392
0.16934
0.16386
0.16386
0.16938
0.16938
0.16938
9862.2
0.16379
0.16616
0.16715
0.16419
0.16728
0.16395
0.16393
0.16393
0.16393
0.16393
9961.1
0.16553
0.16488
0.16617
0.16458
0.1672
0.16728
0.16728
0.16728
0.16728
0.16728
9940.4
0.16461
0.16374
0.1629
0.16617
0.16467
0.16467
0.16467
0.16467
0.16467
0.16467
9955.6
0.16309
0.16423
0.16378
0.16566
0.16566
0.16566
0.16566
0.16566
0.16566
0.16566
9998.2
0.16568
0.16547
0.16375
0.16375
0.16375
0.16375
0.16375
0.16375
0.16375
0.16375
10003
15128
0.16245
0.16245
0.16245
0.16245
0.16245
0.16245
0.16245
0.16245
0.16245
10006
9044.6
9044.6
9044.6
9044.6
9044.6
9044.6
9044.6
9044.6
9044.6
9044.6
10008
9138.5
0.1648
0.16924
0.16934
0.16938
0.1694
0.16382
0.16382
0.16381
0.16381
0.16381
7432.3
0.16456
0.16709
0.16725
0.16932
0.16389
0.16387
0.16935
0.16936
0.16936
0.16936
9354.9
0.16758
0.16337
0.16707
0.16424
0.16727
0.16394
0.16933
0.16933
0.16933
0.16933
9631.7
0.16575
0.16478
0.16616
0.167
0.16433
0.16421
0.16421
0.16421
0.16421
0.16421
9944.4
0.16292
0.16462
0.16292
0.16617
0.16695
0.16695
0.16695
0.16695
0.16695
0.16695
9996.3
0.16441
0.16479
0.16377
0.16287
0.16287
0.16287
0.16287
0.16287
0.16287
0.16287
9983.5
0.1647
0.16518
0.1646
0.1646
0.1646
0.1646
0.1646
0.1646
0.1646
0.1646
10044
13163
0.16492
0.16492
0.16492
0.16492
0.16492
0.16492
0.16492
0.16492
0.16492
9992.5
8822.2
8822.2
8822.2
8822.2
8822.2
8822.2
8822.2
8822.2
8822.2
8822.2
10052
9124.1
1779.4
0.1656
0.16715
0.16931
0.16935
0.16938
0.16939
0.1694
0.16941
0.16941
7392.4
7512.8
0.16556
0.16709
0.16726
0.16931
0.16934
0.16935
0.16385
0.16385
0.16385
7454.6
4219.4
0.16446
0.1631
0.16429
0.1641
0.16727
0.16932
0.16932
0.16932
0.16932
9045.4
0.16801
0.16464
0.16284
0.16308
0.16712
0.16425
0.16425
0.16425
0.16425
0.16425
9362.4
0.16548
0.1663
0.16308
0.16333
0.16688
0.16688
0.16688
0.16688
0.16688
0.16688
9567.1
0.16167
0.16492
0.16468
0.16498
0.16498
0.16498
0.16498
0.16498
0.16498
0.16498
9628.1
0.16675
0.16711
0.16475
0.16475
0.16475
0.16475
0.16475
0.16475
0.16475
0.16475
9713.7
11419
0.16433
0.16433
0.16433
0.16433
0.16433
0.16433
0.16433
0.16433
0.16433
9921.3
8877.7
8877.7
8877.7
8877.7
8877.7
8877.7
8877.7
8877.7
8877.7
8877.7
10005
9127.3
7384.5
2262.3
0.16354
0.1641
0.16393
0.16932
0.16385
0.16383
0.16382
0.16382
7399.5
7439.1
0.16916
0.16367
0.1643
0.16723
0.16929
0.16932
0.16389
0.16389
0.16389
7397.6
7428.5
0.16241
0.16551
0.16676
0.16711
0.16723
0.16728
0.16728
0.16728
0.16728
7460.1
7341.9
0.17019
0.16446
0.16614
0.16693
0.16712
0.16712
0.16712
0.16712
0.16712
8437.2
5868.9
0.16536
0.16522
0.1629
0.16312
0.16312
0.16312
0.16312
0.16312
0.16312
9236.9
0.16361
0.17
0.16626
0.16307
0.16307
0.16307
0.16307
0.16307
0.16307
0.16307
9356.1
0.16987
0.16817
0.16753
0.16753
0.16753
0.16753
0.16753
0.16753
0.16753
0.16753
9617.6
9716.5
0.16696
0.16696
0.16696
0.16696
0.16696
0.16696
0.16696
0.16696
0.16696
9605.8
9004
9004
9004
9004
9004
9004
9004
9004
9004
9004
9625.7
9117.2
7373.7
1772.3
4448.7
0.16607
0.16699
0.16719
0.16929
0.16389
0.16386
0.16386
7392.5
7366.1
3932.3
0.16721
0.16608
0.16695
0.16719
0.16392
0.16391
0.16391
0.16391
7399.7
7397
7514.8
0.16662
0.16385
0.16309
0.1671
0.16404
0.16404
0.16404
0.16404
7405.2
7386.1
5489
0.1616
0.16424
0.16316
0.16697
0.16697
0.16697
0.16697
0.16697
7465
7451.7
4228.8
0.16819
0.16453
0.16348
0.16348
0.16348
0.16348
0.16348
0.16348
9780.2
6524.5
0.16694
0.16631
0.16461
0.16461
0.16461
0.16461
0.16461
0.16461
0.16461
9033.1
0.16359
0.16563
0.16645
0.16645
0.16645
0.16645
0.16645
0.16645
0.16645
0.16645
9247.9
8742.8
0.16493
0.16493
0.16493
0.16493
0.16493
0.16493
0.16493
0.16493
0.16493
9353.7
9990.7
9990.7
9990.7
9990.7
9990.7
9990.7
9990.7
9990.7
9990.7
9990.7
9584.7
9122.2
7367.2
7376.4
1798.3
0.16736
0.16607
0.16692
0.16715
0.16394
0.1693
0.1693
7404.4
7393.8
6906.4
4700.4
0.16705
0.16351
0.16684
0.1641
0.16723
0.16723
0.16723
7400.8
7344.1
7495
5976.3
0.16563
0.16372
0.16674
0.16425
0.16425
0.16425
0.16425
7401.7
7388.4
7443.1
0.16428
0.16698
0.16557
0.16619
0.16619
0.16619
0.16619
0.16619
7395.8
7372.9
7463.9
0.16637
0.16115
0.1643
0.1643
0.1643
0.1643
0.1643
0.1643
7462.2
7396.6
5821.5
0.16593
0.16542
0.16542
0.16542
0.16542
0.16542
0.16542
0.16542
10127
7401.5
5579.4
0.16633
0.16633
0.16633
0.16633
0.16633
0.16633
0.16633
0.16633
9023.9
0.16669
0.1659
0.1659
0.1659
0.1659
0.1659
0.1659
0.1659
0.1659
0.1659
9120
9213.5
9213.5
9213.5
9213.5
9213.5
9213.5
9213.5
9213.5
9213.5
9213.5
9262.9
24.019
0.18295
0.17944
0.18266
0.17932
0.18262
0.17931
0.1793
0.18261
0.1793
0.1793
12215
0.17964
0.18098
0.17798
0.1826
0.18261
0.18248
0.17925
0.18255
0.18255
0.18255
12204
0.18172
0.17969
0.17994
0.17688
0.18142
0.18147
0.17792
0.17792
0.17792
0.17792
12204
0.17853
0.18133
0.17726
0.17993
0.18003
0.181
0.181
0.181
0.181
0.181
12201
7461.8
0.18171
0.17755
0.1797
0.17982
0.17982
0.17982
0.17982
0.17982
0.17982
12204
0.17834
0.17976
0.18142
0.17768
0.17768
0.17768
0.17768
0.17768
0.17768
0.17768
12204
0.18163
0.17853
0.17779
0.17779
0.17779
0.17779
0.17779
0.17779
0.17779
0.17779
12204
9863.3
0.17683
0.17683
0.17683
0.17683
0.17683
0.17683
0.17683
0.17683
0.17683
12201
9677.8
9677.8
9677.8
9677.8
9677.8
9677.8
9677.8
9677.8
9677.8
9677.8
12201
11600
0.18676
0.18239
0.18261
0.17946
0.1827
0.18268
0.18266
0.18265
0.17933
0.17933
10226
0.18337
0.17985
0.17771
0.17791
0.18264
0.17925
0.18253
0.17929
0.17929
0.17929
11275
0.18088
0.18077
0.17987
0.18012
0.17762
0.178
0.17793
0.17793
0.17793
0.17793
11776
5263.4
0.18167
0.17792
0.17732
0.17688
0.17688
0.17688
0.17688
0.17688
0.17688
11993
5464.3
0.17794
0.1775
0.18031
0.17731
0.17731
0.17731
0.17731
0.17731
0.17731
12241
5158.1
0.17936
0.17751
0.18077
0.18077
0.18077
0.18077
0.18077
0.18077
0.18077
12293
0.18114
4678.4
0.17856
0.17856
0.17856
0.17856
0.17856
0.17856
0.17856
0.17856
12319
10090
5008.1
5008.1
5008.1
5008.1
5008.1
5008.1
5008.1
5008.1
5008.1
12239
9950.1
9950.1
9950.1
9950.1
9950.1
9950.1
9950.1
9950.1
9950.1
9950.1
12195
11395
1593.8
0.18683
0.18026
0.18237
0.17947
0.17947
0.17946
0.17945
0.1827
0.1827
8674.8
5156.2
0.18497
0.17984
0.17702
0.17784
0.17779
0.18261
0.18256
0.18256
0.18256
10242
8780.2
0.18113
0.18088
0.17679
0.17687
0.17771
0.17792
0.17792
0.17792
0.17792
11599
7794.1
0.18087
0.18158
0.18044
0.17988
0.18
0.18
0.18
0.18
0.18
11276
9390.6
0.1772
0.1775
0.17757
0.17727
0.17727
0.17727
0.17727
0.17727
0.17727
11487
7505.2
4656.4
0.17867
0.17903
0.17903
0.17903
0.17903
0.17903
0.17903
0.17903
11746
0.18133
5282.9
0.17773
0.17773
0.17773
0.17773
0.17773
0.17773
0.17773
0.17773
11854
10080
5396.9
5396.9
5396.9
5396.9
5396.9
5396.9
5396.9
5396.9
5396.9
11996
9577.3
9577.3
9577.3
9577.3
9577.3
9577.3
9577.3
9577.3
9577.3
9577.3
11893
11349
8696.9
1798.7
0.18603
0.17676
0.18116
0.18237
0.17944
0.17949
0.17947
0.17947
8674.3
8770.7
4056.9
0.18186
0.17976
0.17685
0.1812
0.18139
0.18252
0.18252
0.18252
8642.5
8695.8
6258.4
0.18259
0.1809
0.17731
0.17687
0.18119
0.18119
0.18119
0.18119
10233
8685.1
6442.9
0.18115
0.17751
0.17723
0.17679
0.17679
0.17679
0.17679
0.17679
11523
8720.8
6622
0.18011
0.18187
0.18085
0.18085
0.18085
0.18085
0.18085
0.18085
11510
9545.1
7409.9
0.1806
0.17755
0.17755
0.17755
0.17755
0.17755
0.17755
0.17755
11276
7120.5
7157.2
0.18092
0.18092
0.18092
0.18092
0.18092
0.18092
0.18092
0.18092
11485
11890
7581
7581
7581
7581
7581
7581
7581
7581
7581
11575
10062
10062
10062
10062
10062
10062
10062
10062
10062
10062
11745
11349
8649.1
1593.2
2255.6
0.18602
0.17666
0.18026
0.17769
0.17772
0.17943
0.17943
8674.9
8690.1
2661.3
4170.8
0.18174
0.17721
0.17681
0.18048
0.18126
0.18126
0.18126
8676.5
8723.9
5190.7
5899.4
0.18212
0.17755
0.17984
0.18004
0.18004
0.18004
0.18004
8637.7
8687.2
8783.5
5562.4
0.18009
0.18208
0.17722
0.17722
0.17722
0.17722
0.17722
10237
8672.9
8783
5898.3
0.18115
0.18202
0.18202
0.18202
0.18202
0.18202
0.18202
11495
8692
7757.4
6018.4
0.18345
0.18345
0.18345
0.18345
0.18345
0.18345
0.18345
11595
9288
7977.5
5925.1
5925.1
5925.1
5925.1
5925.1
5925.1
5925.1
5925.1
10871
9903.5
8636.8
8636.8
8636.8
8636.8
8636.8
8636.8
8636.8
8636.8
8636.8
11276
9785.5
9785.5
9785.5
9785.5
9785.5
9785.5
9785.5
9785.5
9785.5
9785.5
11305
11349
8667
3648.3
1579.8
2680.1
0.18681
0.17721
0.17681
0.18045
0.17776
0.17776
8672.6
8649.9
3067.3
2697.8
4269.8
0.18634
0.17719
0.17979
0.17689
0.17689
0.17689
8673.2
8697.1
8781.6
4215.9
5136.1
0.18651
0.18104
0.17978
0.17978
0.17978
0.17978
8652.2
8712.5
8769.7
5913.3
5348.4
0.18502
0.18224
0.18224
0.18224
0.18224
0.18224
8680.1
8698.8
8735.6
6738.2
4509.4
0.18027
0.18027
0.18027
0.18027
0.18027
0.18027
10228
8678.5
8720
6826.8
4651.4
4651.4
4651.4
4651.4
4651.4
4651.4
4651.4
11459
8677.8
8741.4
6893.5
6893.5
6893.5
6893.5
6893.5
6893.5
6893.5
6893.5
11561
9394.8
8607.8
8607.8
8607.8
8607.8
8607.8
8607.8
8607.8
8607.8
8607.8
12040
11536
11536
11536
11536
11536
11536
11536
11536
11536
11536
10938
25.408
0.19231
0.20287
0.20282
0.20282
0.20281
0.20281
0.20281
0.20281
0.20281
0.20281
14815
0.19907
0.19433
0.20233
0.20246
0.20258
0.20266
0.19241
0.19241
0.19241
0.19241
14815
7828.1
0.20326
0.20232
0.19434
0.2021
0.19382
0.20242
0.20242
0.20242
0.20242
14814
14615
0.20271
0.1991
0.20203
0.20265
0.19434
0.19434
0.19434
0.19434
0.19434
14814
8813.4
7820.6
0.20338
0.20327
0.2043
0.2043
0.2043
0.2043
0.2043
0.2043
14817
9862.9
14108
0.2018
0.20425
0.20425
0.20425
0.20425
0.20425
0.20425
0.20425
14817
10206
14615
4795.6
4795.6
4795.6
4795.6
4795.6
4795.6
4795.6
4795.6
14817
10522
15684
15684
15684
15684
15684
15684
15684
15684
15684
14814
11231
11231
11231
11231
11231
11231
11231
11231
11231
11231
14817
14147
3152.9
0.19283
0.20262
0.20246
0.20241
0.20248
0.20253
0.20256
0.20262
0.20262
11638
6128.3
0.20218
0.20208
0.20245
0.20255
0.20263
0.20268
0.20271
0.20271
0.20271
10056
7997.7
0.1967
0.20216
0.20295
0.19429
0.19389
0.19344
0.19344
0.19344
0.19344
13266
10581
5981.4
0.20404
0.19652
0.20249
0.20121
0.20121
0.20121
0.20121
0.20121
14019
8965.9
7901.7
0.20003
0.19899
0.19809
0.19809
0.19809
0.19809
0.19809
0.19809
14242
9919.6
9829.1
6396.3
0.19726
0.19726
0.19726
0.19726
0.19726
0.19726
0.19726
14329
10278
11416
7485.6
7485.6
7485.6
7485.6
7485.6
7485.6
7485.6
7485.6
14393
10956
16430
16430
16430
16430
16430
16430
16430
16430
16430
14386
11286
11286
11286
11286
11286
11286
11286
11286
11286
11286
14355
14165
1519.5
3158.1
0.19428
0.20262
0.20269
0.2026
0.19231
0.20245
0.20242
0.20242
10047
4560.7
5138.3
0.20671
0.20162
0.20238
0.19298
0.19274
0.19249
0.19249
0.19249
11650
8473.9
6242.4
0.19948
0.19597
0.19435
0.20207
0.20236
0.20236
0.20236
0.20236
10054
9982.3
7218.7
0.19425
0.19676
0.20219
0.19502
0.19502
0.19502
0.19502
0.19502
10055
13178
7982.2
6079.2
0.20221
0.20264
0.20264
0.20264
0.20264
0.20264
0.20264
12264
9900.7
8882.1
7198.9
0.19519
0.19519
0.19519
0.19519
0.19519
0.19519
0.19519
13266
10656
10524
7925.7
7925.7
7925.7
7925.7
7925.7
7925.7
7925.7
7925.7
13692
11179
12629
12629
12629
12629
12629
12629
12629
12629
12629
14020
11402
11402
11402
11402
11402
11402
11402
11402
11402
11402
14172
14184
5795.3
1534.7
3189.5
0.20229
0.20226
0.19284
0.20269
0.20267
0.19231
0.19231
9920.1
5903.6
3375.8
4992.9
0.2042
0.20298
0.19397
0.20245
0.20256
0.20256
0.20256
9820.5
10040
5276.7
5420
0.19564
0.20222
0.19507
0.19404
0.19404
0.19404
0.19404
11652
9997
6636.8
6245.1
0.19516
0.20318
0.19597
0.19597
0.19597
0.19597
0.19597
10036
10287
7970.7
7104.2
4905.2
0.19621
0.19621
0.19621
0.19621
0.19621
0.19621
10088
10260
8744.8
7346.8
6404.9
6404.9
6404.9
6404.9
6404.9
6404.9
6404.9
10058
10510
9379.6
7995.5
7995.5
7995.5
7995.5
7995.5
7995.5
7995.5
7995.5
12144
11194
11445
11445
11445
11445
11445
11445
11445
11445
11445
12713
11451
11451
11451
11451
11451
11451
11451
11451
11451
11451
13272
14170
9973.8
1519.5
1872.4
3180.7
0.19675
0.19428
0.19347
0.20262
0.19243
0.19243
9911.8
10054
2413.7
3298.9
4597.7
0.19534
0.19598
0.19427
0.20231
0.20231
0.20231
10044
10068
4566.5
4556
5121.4
0.19584
0.20672
0.20272
0.20272
0.20272
0.20272
11171
10029
6695.6
5514.7
5728.7
0.19553
0.20398
0.20398
0.20398
0.20398
0.20398
11653
9993.7
8469.5
6360.3
6235.3
4494.3
4494.3
4494.3
4494.3
4494.3
4494.3
10066
13408
10068
7161.8
7040.8
7040.8
7040.8
7040.8
7040.8
7040.8
7040.8
10054
10010
9923.5
7785.3
7785.3
7785.3
7785.3
7785.3
7785.3
7785.3
7785.3
10086
10046
10354
10354
10354
10354
10354
10354
10354
10354
10354
10059
10933
10933
10933
10933
10933
10933
10933
10933
10933
10933
10079
14186
9920.7
1525.3
1527.1
2271.2
3159
0.19984
0.20266
0.19399
0.20245
0.20245
9912
9967.5
2354.5
2478.2
3263.1
4449.6
0.19757
0.19561
0.19496
0.19496
0.19496
9912
10030
3987.4
3652
4240.8
5173.2
0.19517
0.20297
0.20297
0.20297
0.20297
10086
10043
7403.1
4656.7
5292.1
5228.1
3766.4
3766.4
3766.4
3766.4
3766.4
11149
10035
10055
6083.1
6175.3
5944.8
5944.8
5944.8
5944.8
5944.8
5944.8
11667
10788
10015
7522.5
6347.2
6347.2
6347.2
6347.2
6347.2
6347.2
6347.2
9870
12856
10009
8057.3
8057.3
8057.3
8057.3
8057.3
8057.3
8057.3
8057.3
10044
10049
10008
10008
10008
10008
10008
10008
10008
10008
10008
10076
10063
10063
10063
10063
10063
10063
10063
10063
10063
10063
10079
33.313
0.22699
0.22863
0.22678
0.2286
0.22679
0.22861
0.2268
0.22861
0.2268
0.2268
28034
0.22874
0.2267
0.22736
0.22777
0.22794
0.22802
0.22808
0.22811
0.22811
0.22811
28059
6887.3
0.21551
0.21367
0.22663
0.22697
0.22732
0.22762
0.22762
0.22762
0.22762
28059
11852
0.22005
0.22876
0.21367
0.21367
0.2267
0.2267
0.2267
0.2267
0.2267
28059
13781
7124.4
0.22695
0.21552
0.22864
0.22864
0.22864
0.22864
0.22864
0.22864
28080
22958
10274
6930.2
0.21975
0.21975
0.21975
0.21975
0.21975
0.21975
0.21975
28080
25143
11891
6789.7
6789.7
6789.7
6789.7
6789.7
6789.7
6789.7
6789.7
28080
25823
13249
13249
13249
13249
13249
13249
13249
13249
13249
28059
26001
26001
26001
26001
26001
26001
26001
26001
26001
26001
28080
17687
2190.6
0.22631
0.22799
0.22811
0.22815
0.22819
0.22824
0.22827
0.22829
0.22829
11304
3840.8
0.2263
0.22701
0.22745
0.22776
0.22791
0.228
0.22807
0.22807
0.22807
12221
11322
5215.4
0.21367
0.21367
0.22722
0.22744
0.2276
0.2276
0.2276
0.2276
16694
12051
8365.6
0.2174
0.21377
0.22826
0.22703
0.22703
0.22703
0.22703
0.22703
17709
13846
7080.2
6678.4
0.21833
0.23071
0.23071
0.23071
0.23071
0.23071
0.23071
25441
13961
11009
5496.1
0.21392
0.21392
0.21392
0.21392
0.21392
0.21392
0.21392
25951
23692
12040
6830.6
6830.6
6830.6
6830.6
6830.6
6830.6
6830.6
6830.6
27067
24352
12898
12898
12898
12898
12898
12898
12898
12898
12898
27783
24633
24633
24633
24633
24633
24633
24633
24633
24633
24633
27758
17836
1744.1
2161.2
0.22485
0.22689
0.22747
0.22796
0.22808
0.22811
0.22813
0.22813
9923.1
3376.1
3576.8
0.21707
0.22307
0.22668
0.22725
0.22767
0.2279
0.2279
0.2279
10994
9272
3844.7
4652.9
0.22633
0.21367
0.22703
0.22714
0.22714
0.22714
0.22714
11447
11447
4972.8
5714
0.21441
0.21367
0.22854
0.22854
0.22854
0.22854
0.22854
12122
11491
11302
5258.6
5216.6
0.22504
0.22504
0.22504
0.22504
0.22504
0.22504
16308
13939
11292
10074
6738.2
6738.2
6738.2
6738.2
6738.2
6738.2
6738.2
16876
14518
12108
10118
10118
10118
10118
10118
10118
10118
10118
16687
14482
12888
12888
12888
12888
12888
12888
12888
12888
12888
17689
15148
15148
15148
15148
15148
15148
15148
15148
15148
15148
25045
17606
1744.8
1740.6
2192.3
2552.6
0.22656
0.22692
0.22717
0.22772
0.22799
0.22799
11393
4793.7
2549.5
3091.2
3477.3
0.22432
0.22838
0.22648
0.22703
0.22703
0.22703
12515
1739.7
3601.6
3864.2
4280.8
0.22361
0.21367
0.22746
0.22746
0.22746
0.22746
10983
12028
4310.8
3845.7
4982.6
0.21369
0.22634
0.22634
0.22634
0.22634
0.22634
11450
11449
11669
4333.7
4640.7
5136.4
5136.4
5136.4
5136.4
5136.4
5136.4
11443
11445
11033
6675.4
4877.3
4877.3
4877.3
4877.3
4877.3
4877.3
4877.3
12095
11450
12622
11144
11144
11144
11144
11144
11144
11144
11144
15462
12922
12791
12791
12791
12791
12791
12791
12791
12791
12791
16432
16174
16174
16174
16174
16174
16174
16174
16174
16174
16174
16871
17329
8780.2
1744
1740.4
2158.7
2685
0.22362
0.22997
0.22693
0.22688
0.22688
11347
11424
1936.7
2451.1
2996.6
3239.5
0.22047
0.2252
0.22774
0.22774
0.22774
9977.1
1731.3
3393.5
3174.5
3616.3
3933.2
0.21711
0.21367
0.21367
0.21367
0.21367
13242
6166.7
4790.9
3943.5
4032.1
4647.7
3439.8
3439.8
3439.8
3439.8
3439.8
10973
11910
9300.5
4146
3823.8
4968.7
4968.7
4968.7
4968.7
4968.7
4968.7
11451
11450
11460
5339.4
4143.9
4143.9
4143.9
4143.9
4143.9
4143.9
4143.9
11447
11446
11444
11680
11680
11680
11680
11680
11680
11680
11680
11441
11449
11453
11453
11453
11453
11453
11453
11453
11453
11453
12082
11723
11723
11723
11723
11723
11723
11723
11723
11723
11723
14417
17771
11345
1743.5
1741.4
1740.9
2159.2
2718.1
2284.2
0.22692
0.23019
0.23019
11311
11357
2166
1751.7
2396.4
2788.6
3164.4
2523
0.22458
0.22458
0.22458
11287
2185.4
3491.1
2823.4
2987
3412.9
3814.9
3402.9
3402.9
3402.9
3402.9
10724
5133.4
4954.2
3438.5
3464.5
3773.3
4177.8
4177.8
4177.8
4177.8
4177.8
13407
7152.7
2440
4496
4132.3
4068.5
4068.5
4068.5
4068.5
4068.5
4068.5
10956
11443
11306
6240.5
4053.4
4053.4
4053.4
4053.4
4053.4
4053.4
4053.4
11452
11451
11448
10865
10865
10865
10865
10865
10865
10865
10865
11449
11445
11445
11445
11445
11445
11445
11445
11445
11445
11445
11446
11446
11446
11446
11446
11446
11446
11446
11446
11446
11446
11448
39.644
0.26176
0.26137
0.24038
0.26129
0.24038
0.26128
0.26128
0.24038
0.26128
0.26128
32765
0.24301
0.24038
0.25485
0.2532
0.24038
0.24038
0.26353
0.26322
0.26322
0.26322
32768
23873
0.24308
0.24038
0.24038
0.24038
0.24038
0.24038
0.24038
0.24038
0.24038
32767
26733
18135
0.24296
0.26018
0.24038
0.24038
0.24038
0.24038
0.24038
0.24038
32762
27781
23874
0.24079
0.24305
0.25469
0.25469
0.25469
0.25469
0.25469
0.25469
32767
27985
25477
18554
0.24037
0.24037
0.24037
0.24037
0.24037
0.24037
0.24037
32762
28171
26764
23869
23869
23869
23869
23869
23869
23869
23869
32767
29619
27576
27576
27576
27576
27576
27576
27576
27576
27576
32762
29957
29957
29957
29957
29957
29957
29957
29957
29957
29957
32762
21613
1954.7
0.25447
0.24038
0.2612
0.24038
0.24038
0.24038
0.26096
0.26094
0.26094
12859
9915
0.24819
0.24038
0.25184
0.24038
0.26313
0.24038
0.26284
0.26284
0.26284
24981
16162
11836
0.24038
0.2563
0.24038
0.2547
0.25394
0.25394
0.25394
0.25394
28375
23306
14865
9102.1
0.2508
0.24038
0.2565
0.2565
0.2565
0.2565
0.2565
30495
26264
21801
14619
0.24224
15605
15605
15605
15605
15605
15605
30665
27321
24311
20152
10403
10403
10403
10403
10403
10403
10403
31106
28958
25184
24274
24274
24274
24274
24274
24274
24274
24274
31168
29489
25599
25599
25599
25599
25599
25599
25599
25599
25599
31449
29693
29693
29693
29693
29693
29693
29693
29693
29693
29693
31723
21618
3258.1
1954.3
1790.7
0.25456
0.24038
0.24038
0.26127
0.26121
0.26105
0.26105
12869
6208.9
2783.1
2846.8
0.24038
0.25283
0.25014
0.26066
0.26184
0.26184
0.26184
12861
12767
9925.6
1572.9
0.24812
0.25694
0.24038
0.25302
0.25302
0.25302
0.25302
18599
17187
13210
11640
0.24525
0.24884
0.25667
0.25667
0.25667
0.25667
0.25667
24921
21642
16161
14509
11824
6658
6658
6658
6658
6658
6658
27400
24080
20665
15400
14169
14169
14169
14169
14169
14169
14169
28375
25740
23302
19256
19256
19256
19256
19256
19256
19256
19256
29383
26898
25132
25132
25132
25132
25132
25132
25132
25132
25132
30495
27098
27098
27098
27098
27098
27098
27098
27098
27098
27098
30618
21618
6657.5
1964.1
1954.3
2028.5
0.24825
0.25458
0.25748
0.25926
0.26053
0.26053
12804
6919.7
2274.7
2827.6
2714.1
0.24577
0.24038
0.25251
0.25794
0.25794
0.25794
12870
11763
6123.8
2417.4
2576.7
1856.8
0.24038
0.24038
0.24038
0.24038
0.24038
12860
14096
11910
9908.3
1561
1554.1
0.24811
0.24811
0.24811
0.24811
0.24811
17940
17433
13812
12322
11066
3792.9
3792.9
3792.9
3792.9
3792.9
3792.9
20417
18533
17167
15396
12587
12587
12587
12587
12587
12587
12587
24982
22672
20749
16161
16161
16161
16161
16161
16161
16161
16161
26300
24250
22563
22563
22563
22563
22563
22563
22563
22563
22563
27862
25983
25983
25983
25983
25983
25983
25983
25983
25983
25983
28372
21617
12850
3215.6
1965.2
1954.3
2021.3
1805.1
0.24032
0.25459
0.25748
0.25748
12861
7685.9
4101.2
2254.8
2704.6
2459.6
2372.3
0.25254
0.24038
0.24038
0.24038
12859
8988.2
6170.5
2839.7
2792
2831.9
2859.8
0.24723
0.24723
0.24723
0.24723
12872
12743
10512
6606.7
2695.8
2082.9
2517.5
2517.5
2517.5
2517.5
2517.5
12862
13817
12766
11390
9905.8
1194.4
1194.4
1194.4
1194.4
1194.4
1194.4
17539
15746
14015
12763
11865
11865
11865
11865
11865
11865
11865
18592
18118
17189
15173
15173
15173
15173
15173
15173
15173
15173
22697
21382
17961
17961
17961
17961
17961
17961
17961
17961
17961
24982
23425
23425
23425
23425
23425
23425
23425
23425
23425
23425
25435
21615
12864
5585.7
1966.1
1965.7
1954.2
2099.1
1857.5
0.24661
0.24037
0.24037
12870
8356.2
5548.5
1967.4
1955.7
2690.9
2408.3
2511.7
0.2447
0.2447
0.2447
12828
8739.4
6647.8
4108.7
2665.8
2873.4
2710.8
2938.8
2938.8
2938.8
2938.8
12862
12719
8762.8
5969.7
4258.7
2585.5
2662.4
2662.4
2662.4
2662.4
2662.4
12868
12851
12333
10611
6856.8
8844.3
8844.3
8844.3
8844.3
8844.3
8844.3
12860
12923
12380
11875
10991
10991
10991
10991
10991
10991
10991
16977
16906
14017
13162
13162
13162
13162
13162
13162
13162
13162
18173
18086
17373
17373
17373
17373
17373
17373
17373
17373
17373
18689
18492
18492
18492
18492
18492
18492
18492
18492
18492
18492
23630
50.103
0.30071
0.30075
0.30077
0.27467
0.30078
0.27467
0.27467
0.30078
0.27467
0.27467
36549
0.27087
0.29569
0.28243
0.27999
0.29333
0.28427
0.27571
0.29848
0.29848
0.29848
36551
29775
0.27088
0.29546
0.2957
0.2957
0.29138
0.28643
0.28643
0.28643
0.28643
36521
33049
27610
0.27078
0.29414
0.29565
0.2957
0.2957
0.2957
0.2957
0.2957
36521
34451
29775
24517
0.27079
0.28488
0.28488
0.28488
0.28488
0.28488
0.28488
36521
34750
30081
28542
22267
22267
22267
22267
22267
22267
22267
36521
34894
33050
29775
29775
29775
29775
29775
29775
29775
29775
36551
34955
33934
33934
33934
33934
33934
33934
33934
33934
33934
36521
35021
35021
35021
35021
35021
35021
35021
35021
35021
35021
36521
25708
2166.2
1744.9
0.30052
0.30034
0.27466
0.30023
0.30038
0.30052
0.27467
0.27467
19613
16532
0.29548
5202.1
0.28441
0.28708
0.29937
0.30045
0.30002
0.30002
0.30002
32385
25215
14854
0.29432
0.29568
0.29569
5362.7
0.28723
0.28723
0.28723
0.28723
34725
29874
25986
14560
0.28913
0.29561
0.29571
0.29571
0.29571
0.29571
0.29571
35856
32014
27649
22879
13545
0.28245
0.28245
0.28245
0.28245
0.28245
0.28245
36328
32710
31329
27997
21703
21703
21703
21703
21703
21703
21703
36550
33708
31799
28949
28949
28949
28949
28949
28949
28949
28949
36515
34360
32644
32644
32644
32644
32644
32644
32644
32644
32644
36470
34704
34704
34704
34704
34704
34704
34704
34704
34704
34704
36464
25705
8292.4
2166.1
1423.9
1770.3
0.29732
0.30053
0.30053
0.27464
0.30016
0.30016
14102
13227
3108
1642.6
929.69
1141.9
0.28851
0.29779
0.3001
0.3001
0.3001
19613
18498
16531
13730
0.29548
0.29557
3403.4
0.27017
0.27017
0.27017
0.27017
27626
23867
21286
15602
12896
0.29534
0.29566
0.29566
0.29566
0.29566
0.29566
32388
29282
25215
22154
14859
9551.3
9551.3
9551.3
9551.3
9551.3
9551.3
33915
31338
28462
24453
22925
22925
22925
22925
22925
22925
22925
34727
32622
29959
27044
27044
27044
27044
27044
27044
27044
27044
35635
33080
31479
31479
31479
31479
31479
31479
31479
31479
31479
35856
33652
33652
33652
33652
33652
33652
33652
33652
33652
33652
36142
25696
14113
6168.4
2166.1
1592.1
1744.6
1773
0.29276
0.29771
0.30053
0.30053
14162
14117
11522
2031.3
1219.9
1295
1582.9
0.40163
0.29286
0.29286
0.29286
14206
14198
12382
12103
1539.1
1791.1
4642.1
823.57
823.57
823.57
823.57
19613
19232
17709
16527
14478
12386
0.29535
0.29535
0.29535
0.29535
0.29535
25739
23339
21585
17591
15811
13952
13952
13952
13952
13952
13952
30311
26658
25006
23144
20046
20046
20046
20046
20046
20046
20046
32388
29481
28514
25272
25272
25272
25272
25272
25272
25272
25272
33479
31472
29058
29058
29058
29058
29058
29058
29058
29058
29058
34031
32595
32595
32595
32595
32595
32595
32595
32595
32595
32595
34615
25696
14128
8250.2
2961.8
2165.8
1708.8
1428.5
1537.2
1774.1
0.27104
0.27104
14220
14110
11855
9613.4
814.02
1607.7
1476
1606.2
1723.7
1723.7
1723.7
14102
14193
13226
11278
4130
1666.3
1246
806.1
806.1
806.1
806.1
14225
14917
14417
12782
12844
12407
0.26842
0.26842
0.26842
0.26842
0.26842
19613
19342
18505
16804
16531
14858
14858
14858
14858
14858
14858
24374
23412
19965
18461
17270
17270
17270
17270
17270
17270
17270
27626
26336
23868
22451
22451
22451
22451
22451
22451
22451
22451
30629
28790
26985
26985
26985
26985
26985
26985
26985
26985
26985
32387
29866
29866
29866
29866
29866
29866
29866
29866
29866
29866
33050
25705
14127
11139
6878.2
2181.2
2165.8
1811.1
1601.2
1671.4
1809.7
1809.7
14215
14106
12515
10373
7711.9
641.82
1857.7
1481.3
1513
1513
1513
14159
14160
13760
12010
11068
2509.3
1506.7
810.61
810.61
810.61
810.61
14172
14186
13889
13005
12187
10937
1474.2
1474.2
1474.2
1474.2
1474.2
14217
14879
14769
14581
13794
13031
13031
13031
13031
13031
13031
19613
19275
18991
18499
17420
17420
17420
17420
17420
17420
17420
23846
20640
19397
18737
18737
18737
18737
18737
18737
18737
18737
26996
25896
25014
25014
25014
25014
25014
25014
25014
25014
25014
27878
27036
27036
27036
27036
27036
27036
27036
27036
27036
27036
30704
63.656
0.35374
0.35404
0.35407
0.35493
0.35492
0.35406
0.35406
0.35406
0.35406
0.35406
42149
25919
14967
4159.6
2853.2
2655.7
4104.4
0.42396
0.38016
0.38016
0.38016
42134
36259
25920
0.32934
14858
6909.9
4160.3
3548.8
3548.8
3548.8
3548.8
42134
37493
32710
25942
12848
0.3411
14993
14993
14993
14993
14993
42134
37963
36280
32286
25922
23661
23661
23661
23661
23661
23661
42149
38236
37188
33027
32024
32024
32024
32024
32024
32024
32024
42134
38846
37482
36280
36280
36280
36280
36280
36280
36280
36280
42149
40464
37761
37761
37761
37761
37761
37761
37761
37761
37761
42134
40790
40790
40790
40790
40790
40790
40790
40790
40790
40790
42134
30898
4224.1
695.73
0.35975
0.34942
0.35283
0.35266
0.35258
0.35279
0.35464
0.35464
26598
18343
7860.3
7502.8
8789.4
6826.8
1927.9
2334.4
1215.6
1215.6
1215.6
38262
30983
25295
19141
14631
9092.6
7347.3
3888.1
3888.1
3888.1
3888.1
39965
34916
29929
27578
21933
0.32942
15014
15014
15014
15014
15014
41193
37337
34351
31317
27760
23816
23816
23816
23816
23816
23816
41776
37915
36419
32325
31353
31353
31353
31353
31353
31353
31353
41967
39309
37289
35128
35128
35128
35128
35128
35128
35128
35128
41972
40274
37574
37574
37574
37574
37574
37574
37574
37574
37574
41938
40612
40612
40612
40612
40612
40612
40612
40612
40612
40612
41897
30862
13411
4542.6
3519.5
690
1329.6
0.32723
0.34486
0.34944
0.35143
0.35143
15452
14946
9249.9
6607.1
8924.8
8505.3
7203
3208.2
3143.1
3143.1
3143.1
26597
24255
18338
16914
7852.9
7978.7
7324.6
8865.6
8865.6
8865.6
8865.6
35210
31013
26761
23368
20455
18971
12795
12795
12795
12795
12795
37957
34885
30985
28071
25298
20589
20589
20589
20589
20589
20589
39645
36962
34038
31648
28845
28845
28845
28845
28845
28845
28845
39938
38599
34917
33901
33901
33901
33901
33901
33901
33901
33901
41066
38916
36244
36244
36244
36244
36244
36244
36244
36244
36244
41193
39482
39482
39482
39482
39482
39482
39482
39482
39482
39482
41356
30855
15428
9571.7
3862.5
4150.4
3220
809.26
1086.4
1450.4
0.35794
0.35794
15396
15021
12181
6029.7
5807.3
4638.4
4076.4
4799.2
4720.1
4720.1
4720.1
18206
17364
15994
16909
9560.1
7179.5
7509.6
8286
8286
8286
8286
26598
25431
23245
18418
17352
15862
7567.7
7567.7
7567.7
7567.7
7567.7
33131
30553
27454
24307
22529
20922
20922
20922
20922
20922
20922
36441
33489
30935
29192
25858
25858
25858
25858
25858
25858
25858
38264
35195
34230
31022
31022
31022
31022
31022
31022
31022
31022
39530
37332
35323
35323
35323
35323
35323
35323
35323
35323
35323
39812
38135
38135
38135
38135
38135
38135
38135
38135
38135
38135
39938
30855
15456
13401
7235.1
3864.8
4381.7
3517.6
2351.9
687.81
878.96
878.96
15422
15433
13699
9579.9
5699.6
5805
5440.2
5294.5
5237.9
5237.9
5237.9
15453
15689
14945
14876
9221.5
6855.2
6607.7
6714.1
6714.1
6714.1
6714.1
20798
20865
19328
18747
17428
17299
8650.9
8650.9
8650.9
8650.9
8650.9
26598
25229
24157
22983
18339
17862
17862
17862
17862
17862
17862
32288
29472
27910
25200
23459
23459
23459
23459
23459
23459
23459
35112
32337
30962
28740
28740
28740
28740
28740
28740
28740
28740
36677
35462
33203
33203
33203
33203
33203
33203
33203
33203
33203
37955
35620
35620
35620
35620
35620
35620
35620
35620
35620
35620
39231
30856
15460
14236
11248
5542.8
4533
4184.2
4068.7
3422.4
2397.5
2397.5
15424
15436
14515
12171
7647
5508.2
5561
5411.2
5253.6
5253.6
5253.6
15396
15432
14804
13980
10581
6476.1
5648.9
6452.8
6452.8
6452.8
6452.8
15398
16165
15812
14608
14592
16702
9722.3
9722.3
9722.3
9722.3
9722.3
21333
21348
20863
20015
18682
17671
17671
17671
17671
17671
17671
26552
25888
24814
21353
22461
22461
22461
22461
22461
22461
22461
29799
29710
28016
26620
26620
26620
26620
26620
26620
26620
26620
33568
32300
30887
30887
30887
30887
30887
30887
30887
30887
30887
35825
33519
33519
33519
33519
33519
33519
33519
33519
33519
33519
37173
96.398
0.44213
0.44026
0.44021
0.44045
0.44026
0.44024
0.44024
0.44024
0.44024
0.44024
34880
28400
17875
8806.2
6520.3
5490.1
4524.3
5423.6
5290.8
5290.8
5290.8
34880
34866
28406
23737
17874
12257
8785.6
7638.7
7638.7
7638.7
7638.7
34894
34882
34831
28407
24194
22197
17824
17824
17824
17824
17824
34880
34886
34866
34802
28718
23477
23477
23477
23477
23477
23477
34880
34890
34881
34844
28296
28296
28296
28296
28296
28296
28296
34894
34890
34882
34866
34866
34866
34866
34866
34866
34866
34866
34880
34884
34883
34883
34883
34883
34883
34883
34883
34883
34883
34880
34892
34892
34892
34892
34892
34892
34892
34892
34892
34892
34880
36757
5980.4
5435.6
5790.5
4231.5
0.39904
0.39482
0.39793
0.39855
0.43402
0.43402
34451
22932
16789
11708
10449
10400
8613.9
4312.3
4791.5
4791.5
4791.5
42367
34263
28449
23072
18283
15287
10199
10138
10138
10138
10138
26764
34855
34801
28598
24817
21164
19184
19184
19184
19184
19184
34910
34880
34844
34787
29315
25806
25806
25806
25806
25806
25806
34903
34889
34869
34830
28101
28101
28101
28101
28101
28101
28101
34898
34891
34879
34857
34857
34857
34857
34857
34857
34857
34857
34898
34894
34882
34882
34882
34882
34882
34882
34882
34882
34882
34895
34895
34895
34895
34895
34895
34895
34895
34895
34895
34895
34880
36766
13423
5995
5443.1
5415.4
5312
5859.1
5352.6
4218.6
84.833
84.833
16743
17086
8128.7
10065
12197
10910
10668
9064.3
8590.8
8590.8
8590.8
34451
28332
23066
19934
16951
13309
11629
10804
10804
10804
10804
41460
35756
30002
27071
23447
20022
17551
17551
17551
17551
17551
42464
38160
32665
24938
28395
24463
24463
24463
24463
24463
24463
43543
24357
29512
34804
0.42699
0.42699
0.42699
0.42699
0.42699
0.42699
0.42699
26630
29611
34855
34837
34837
34837
34837
34837
34837
34837
34837
34907
34887
34869
34869
34869
34869
34869
34869
34869
34869
34869
34894
34890
34890
34890
34890
34890
34890
34890
34890
34890
34890
34893
36767
16721
6550.6
6003.9
5428.2
5492.9
5395.2
5454.5
5174.6
5855.3
5855.3
16668
16474
10907
7543.1
6776.7
5411.8
8958.6
8986.1
7508.1
7508.1
7508.1
22456
22508
20651
17165
15841
13001
11229
12413
12413
12413
12413
33939
29832
26261
23067
20824
19549
16951
16951
16951
16951
16951
38930
35955
32031
28068
25253
22984
22984
22984
22984
22984
22984
42198
38062
35383
31954
29323
29323
29323
29323
29323
29323
29323
42366
39814
37253
32668
32668
32668
32668
32668
32668
32668
32668
42794
41427
23831
23831
23831
23831
23831
23831
23831
23831
23831
34883
24794
24794
24794
24794
24794
24794
24794
24794
24794
24794
26766
36767
16673
13410
5500
6002.7
5991.9
5442.3
5532.9
5407.6
5435.5
5435.5
16633
16416
14482
8592.5
7038.1
6580.1
6275.3
6200.9
5073
5073
5073
16743
18903
17085
10604
8121.7
13835
10064
10260
10260
10260
10260
25321
23833
22282
23872
17579
16563
15662
15662
15662
15662
15662
33939
30862
28339
25362
23070
21699
21699
21699
21699
21699
21699
38491
35099
32724
29108
27503
27503
27503
27503
27503
27503
27503
41460
37984
35460
32596
32596
32596
32596
32596
32596
32596
32596
42272
40118
37252
37252
37252
37252
37252
37252
37252
37252
37252
42464
40817
40817
40817
40817
40817
40817
40817
40817
40817
40817
42629
36768
16677
14464
8291.5
5407.3
6031.9
6019.3
5459.9
5414.8
5521.8
5521.8
16646
16717
15220
12739
7463.9
6872.5
6446.3
6315.6
6161.2
6161.2
6161.2
16675
17327
16554
15961
8666.1
7710.9
6976.3
8531.4
8531.4
8531.4
8531.4
22151
22004
20830
19059
16767
16363
16081
16081
16081
16081
16081
28270
26964
25453
22068
21253
18040
18040
18040
18040
18040
18040
34451
31489
29732
26811
25194
25194
25194
25194
25194
25194
25194
38138
34904
32906
29588
29588
29588
29588
29588
29588
29588
29588
39230
37953
35562
35562
35562
35562
35562
35562
35562
35562
35562
42020
39509
39509
39509
39509
39509
39509
39509
39509
39509
39509
42310
130.81
0.57763
0.58064
0.58307
0.58432
0.54136
0.54241
0.54334
0.54392
0.54412
0.54412
43672
23640
29497
19453
17768
13702
12362
11007
10137
10137
10137
43675
43585
23658
31238
29489
26084
19354
18992
18992
18992
18992
43678
43594
43557
22684
32052
30619
29470
29470
29470
29470
29470
43678
43605
43581
27984
22327
32506
32506
32506
32506
32506
32506
43678
43609
43583
43572
24108
24108
24108
24108
24108
24108
24108
43679
43617
43591
43577
43577
43577
43577
43577
43577
43577
43577
43680
43628
43600
43600
43600
43600
43600
43600
43600
43600
43600
43681
43636
43636
43636
43636
43636
43636
43636
43636
43636
43636
43680
44421
6647.4
5937.3
5743.6
5853.6
5841.2
4629.5
0.48538
0.48379
0.48756
0.48756
41146
30745
25048
20628
15727
14167
9811.5
10106
9784.7
9784.7
9784.7
43672
43580
37184
30215
25595
23620
20857
16604
16604
16604
16604
43671
43586
43551
35088
33513
28725
27310
27310
27310
27310
27310
43673
43600
43576
29082
35411
34287
34287
34287
34287
34287
34287
43675
43605
43579
43566
24836
24836
24836
24836
24836
24836
24836
43677
43614
43588
43575
43575
43575
43575
43575
43575
43575
43575
43678
43626
43597
43597
43597
43597
43597
43597
43597
43597
43597
43679
43635
43635
43635
43635
43635
43635
43635
43635
43635
43635
43679
44430
10945
6637.4
6386.1
5949.1
5675.2
5571.6
6041.4
5888.9
6132.3
6132.3
23627
19268
18595
17998
16076
12054
11305
12330
11542
11542
11542
41180
36516
31530
27321
24832
22730
20781
18918
18918
18918
18918
46120
31083
34729
35741
32294
29762
26065
26065
26065
26065
26065
43673
43599
43578
34539
37115
34270
34270
34270
34270
34270
34270
43665
43609
43580
43569
26098
26098
26098
26098
26098
26098
26098
43673
43619
43585
43571
43571
43571
43571
43571
43571
43571
43571
43674
43624
43594
43594
43594
43594
43594
43594
43594
43594
43594
43676
43632
43632
43632
43632
43632
43632
43632
43632
43632
43632
43677
44432
17754
6999.4
6616.2
6469.4
6331.5
5964.8
5759.6
6143.1
5597.6
5597.6
17909
18998
11566
16768
15219
15126
9446.4
11384
12846
12846
12846
30649
28198
22208
24075
22174
21321
20459
18029
18029
18029
18029
41188
37297
32761
32079
30334
27027
24710
24710
24710
24710
24710
45025
42870
30012
27086
34255
31592
31592
31592
31592
31592
31592
23665
32460
43590
43564
35141
35141
35141
35141
35141
35141
35141
43670
43619
43585
43575
43575
43575
43575
43575
43575
43575
43575
43667
43624
43592
43592
43592
43592
43592
43592
43592
43592
43592
43670
43633
43633
43633
43633
43633
43633
43633
43633
43633
43633
43674
44433
17964
10737
6131.5
6618.1
6480.3
6386.3
6279.5
5957.3
6037.4
6037.4
17895
18907
14479
10003
7927.1
15569
15832
10268
8453.9
8453.9
8453.9
23633
23485
18608
19485
18625
18123
18056
17224
17224
17224
17224
34147
31162
29744
26488
25915
25657
22930
22930
22930
22930
22930
41195
38126
36517
21847
32108
30780
30780
30780
30780
30780
30780
44515
42214
40242
29652
30037
30037
30037
30037
30037
30037
30037
46182
36650
31077
36342
36342
36342
36342
36342
36342
36342
36342
28300
33717
43605
43605
43605
43605
43605
43605
43605
43605
43605
43671
43631
43631
43631
43631
43631
43631
43631
43631
43631
43631
43666
44436
17943
16858
7980.4
6101.6
6614.3
6558.7
6464.5
6300.2
6240
6240
17909
18003
17584
11119
8808.3
7748.2
7487
12250
13070
13070
13070
17915
20776
21078
13161
18114
17659
17517
16747
16747
16747
16747
24628
28038
24443
22075
21951
22636
22129
22129
22129
22129
22129
36184
34250
31913
21782
27210
27535
27535
27535
27535
27535
27535
41203
38932
37277
35149
24426
24426
24426
24426
24426
24426
24426
43740
41688
40293
39277
39277
39277
39277
39277
39277
39277
39277
45327
44252
40911
40911
40911
40911
40911
40911
40911
40911
40911
45182
26459
26459
26459
26459
26459
26459
26459
26459
26459
26459
30787
41968
1.1551
1.0242
1.0242
1.0767
1.0242
1.0767
1.0767
1.0242
1.0242
1.0242
62182
52106
42465
39189
36926
28929
28581
27927
26892
26892
26892
62183
57177
52104
48517
42465
41250
39186
37536
37536
37536
37536
62182
58131
55990
52105
49900
47778
42464
42464
42464
42464
42464
62182
58651
57177
55251
52105
50462
50462
50462
50462
50462
50462
62183
59314
57718
56473
53512
53512
53512
53512
53512
53512
53512
62183
59891
58130
57177
57177
57177
57177
57177
57177
57177
57177
62182
60383
58364
58364
58364
58364
58364
58364
58364
58364
58364
62182
60613
60613
60613
60613
60613
60613
60613
60613
60613
60613
62182
53648
15237
14726
14455
14435
14741
14622
13951
0.6467
0.63528
0.63528
54190
48012
42856
35814
33579
27243
27100
25777
25535
25535
25535
60586
55373
51164
46806
42147
41818
40698
35540
35540
35540
35540
61279
57382
55024
51635
49556
45556
43058
43058
43058
43058
43058
61669
58337
57200
53171
51885
50331
50331
50331
50331
50331
50331
61919
59064
57582
56782
52853
52853
52853
52853
52853
52853
52853
61878
59553
57744
57290
57290
57290
57290
57290
57290
57290
57290
61886
59970
58164
58164
58164
58164
58164
58164
58164
58164
58164
61911
60233
60233
60233
60233
60233
60233
60233
60233
60233
60233
61871
53656
17091
15234
15369
14736
16253
14454
12804
14451
14694
14694
35194
34392
32998
32201
27803
27053
26265
26707
20480
20480
20480
54190
50783
48013
43999
42855
36506
35811
34942
34942
34942
34942
59308
56088
53111
51257
46357
46012
43946
43946
43946
43946
43946
60587
57723
55373
53323
51164
49463
49463
49463
49463
49463
49463
61116
58614
56954
54801
52592
52592
52592
52592
52592
52592
52592
61279
59169
57383
57064
57064
57064
57064
57064
57064
57064
57064
61515
59654
57896
57896
57896
57896
57896
57896
57896
57896
57896
61669
60060
60060
60060
60060
60060
60060
60060
60060
60060
60060
61801
53657
18989
16051
15234
15933
15822
14736
16039
15779
14454
14454
19311
27263
28075
28605
26240
25092
23220
24058
23456
23456
23456
43890
44211
42294
40369
36915
35588
33472
30442
30442
30442
30442
54235
52707
49360
48011
43923
44155
42853
42853
42853
42853
42853
58703
56471
53966
52618
50110
46017
46017
46017
46017
46017
46017
59825
57920
54896
53769
52782
52782
52782
52782
52782
52782
52782
60587
58553
57147
55373
55373
55373
55373
55373
55373
55373
55373
61078
59351
57700
57700
57700
57700
57700
57700
57700
57700
57700
61124
59609
59609
59609
59609
59609
59609
59609
59609
59609
59609
61279
53657
34899
17085
15784
15234
15155
15369
15542
14726
15834
15834
19279
22481
24151
25144
23797
21609
23452
21662
21024
21024
21024
35191
35607
34371
36316
32990
32175
32200
31229
31229
31229
31229
49034
47595
46131
43320
45088
39592
37645
37645
37645
37645
37645
54190
52929
50783
49659
48013
46398
46398
46398
46398
46398
46398
58376
56827
54665
53125
52174
52174
52174
52174
52174
52174
52174
59308
57826
56043
53718
53718
53718
53718
53718
53718
53718
53718
60001
58499
56795
56795
56795
56795
56795
56795
56795
56795
56795
60587
59031
59031
59031
59031
59031
59031
59031
59031
59031
59031
61033
53657
37705
17671
15607
15341
15243
15930
15845
15134
15033
15033
19277
21667
20739
20529
21545
21317
21598
21568
20381
20381
20381
19321
27910
29676
29733
31249
29742
29745
27494
27494
27494
27494
42993
42868
41104
41431
38641
37816
34958
34958
34958
34958
34958
51810
49316
48002
46023
43969
45484
45484
45484
45484
45484
45484
54235
53359
52321
51374
49007
49007
49007
49007
49007
49007
49007
58191
57110
55051
53873
53873
53873
53873
53873
53873
53873
53873
58921
57655
56373
56373
56373
56373
56373
56373
56373
56373
56373
59674
58377
58377
58377
58377
58377
58377
58377
58377
58377
58377
60139
56867
25146
25146
25146
25146
25146
25146
25146
25146
25146
25146
69342
60217
52526
48242
46283
44408
35828
35724
35248
35248
35248
69342
65423
60216
58069
52524
49832
48242
47276
47276
47276
47276
69342
66767
62548
60216
58818
57261
52524
52524
52524
52524
52524
69342
67460
65423
61921
60217
59253
59253
59253
59253
59253
59253
69342
67826
66056
64772
61514
61514
61514
61514
61514
61514
61514
69342
67972
66767
65423
65423
65423
65423
65423
65423
65423
65423
69342
68051
67192
67192
67192
67192
67192
67192
67192
67192
67192
69342
68141
68141
68141
68141
68141
68141
68141
68141
68141
68141
69342
64081
22880
22056
24152
22290
23371
23076
26483
27634
26752
26752
64966
58389
53030
48106
42667
41224
37847
36432
35730
35730
35730
69680
64413
59956
55863
52686
50468
49240
48194
48194
48194
48194
69337
65931
63266
60030
58972
55238
52914
52914
52914
52914
52914
69167
67305
64711
62233
59930
59354
59354
59354
59354
59354
59354
69271
67843
65976
63770
61299
61299
61299
61299
61299
61299
61299
69333
68019
66877
64961
64961
64961
64961
64961
64961
64961
64961
69353
68121
67405
67405
67405
67405
67405
67405
67405
67405
67405
69356
68241
68241
68241
68241
68241
68241
68241
68241
68241
68241
69355
64081
22025
22880
22468
22057
23609
24151
22770
22290
23022
23022
48641
48814
46610
44412
38947
39661
38649
38075
36913
36913
36913
64966
60959
58387
54234
53030
50325
48106
45530
45530
45530
45530
68734
64617
62976
58886
56162
54969
53165
53165
53165
53165
53165
69681
65760
64413
62286
59957
58503
58503
58503
58503
58503
58503
69521
67400
64772
63870
61500
61500
61500
61500
61500
61500
61500
69337
67850
65933
64537
64537
64537
64537
64537
64537
64537
64537
69275
68011
66898
66898
66898
66898
66898
66898
66898
66898
66898
69167
68091
68091
68091
68091
68091
68091
68091
68091
68091
68091
69237
64081
23246
22144
22880
23418
21561
22057
22658
24407
24151
24151
20622
37804
39729
38176
37666
38452
34558
34955
35892
35892
35892
57054
55503
53898
51552
49699
48661
46703
42932
42932
42932
42932
64966
62343
59743
58388
54776
53848
53030
53030
53030
53030
53030
67350
65332
63724
61854
59140
55882
55882
55882
55882
55882
55882
69127
66275
64537
63761
61872
61872
61872
61872
61872
61872
61872
69681
67429
64762
64413
64413
64413
64413
64413
64413
64413
64413
69623
68240
65664
65664
65664
65664
65664
65664
65664
65664
65664
69426
68311
68311
68311
68311
68311
68311
68311
68311
68311
68311
69337
64081
43676
22025
22114
22880
21536
22469
23445
22057
22565
22565
20402
30187
32492
34569
35115
35638
34050
33146
31390
31390
31390
48638
49484
48811
46582
46608
43978
44411
44062
44062
44062
44062
59026
58370
56555
54863
53124
52128
50910
50910
50910
50910
50910
64966
62883
60959
59874
58389
55050
55050
55050
55050
55050
55050
66694
65523
64032
62735
61131
61131
61131
61131
61131
61131
61131
68734
66421
64618
64101
64101
64101
64101
64101
64101
64101
64101
69260
67529
65075
65075
65075
65075
65075
65075
65075
65075
65075
69680
68336
68336
68336
68336
68336
68336
68336
68336
68336
68336
69667
64081
47765
21781
22553
22237
22880
22364
22920
22245
23346
23346
20386
27866
28385
30761
32404
32463
31635
31259
31647
31647
31647
34698
42308
42859
42863
42442
42554
40810
41402
41402
41402
41402
54315
54495
53475
51450
50758
49647
47985
47985
47985
47985
47985
61297
60047
58737
56851
55049
54774
54774
54774
54774
54774
54774
64966
63505
61831
59915
59836
59836
59836
59836
59836
59836
59836
66460
65325
64370
63101
63101
63101
63101
63101
63101
63101
63101
68133
66564
65010
65010
65010
65010
65010
65010
65010
65010
65010
69048
67500
67500
67500
67500
67500
67500
67500
67500
67500
67500
69373
65571
31292
31292
31292
31292
31292
31292
31292
31292
31292
31292
80554
72444
64420
66330
58546
57045
55974
56379
56365
56365
56365
80554
75736
72443
67774
64418
67937
66330
60715
60715
60715
60715
80554
76863
74649
72443
69501
66021
64418
64418
64418
64418
64418
80554
77884
75736
73800
72443
70336
70336
70336
70336
70336
70336
80554
78560
76232
75129
73271
73271
73271
73271
73271
73271
73271
80554
78917
76864
75736
75736
75736
75736
75736
75736
75736
75736
80554
79214
77372
77372
77372
77372
77372
77372
77372
77372
77372
80554
79394
79394
79394
79394
79394
79394
79394
79394
79394
79394
80554
73859
31346
33138
40354
40029
44429
42236
39623
39015
32253
32253
72275
72633
64443
59198
57437
58801
55301
55163
54380
54380
54380
78435
78374
78169
74634
69218
63748
58477
55457
55457
55457
55457
79641
76169
73996
71699
69310
66827
64962
64962
64962
64962
64962
80211
77419
75555
73419
71603
70011
70011
70011
70011
70011
70011
80323
78179
76279
75122
72976
72976
72976
72976
72976
72976
72976
80362
78670
76757
75713
75713
75713
75713
75713
75713
75713
75713
80384
78980
77280
77280
77280
77280
77280
77280
77280
77280
77280
80430
79258
79258
79258
79258
79258
79258
79258
79258
79258
79258
80461
73859
28338
31346
34063
33133
40843
40354
39871
40030
41987
41987
57228
59257
57931
54266
52275
51606
48907
54641
52242
52242
52242
72275
74709
72632
71817
64440
58793
59199
58194
58194
58194
58194
78402
78378
78324
78182
77295
73012
69254
69254
69254
69254
69254
78435
78385
78374
78297
78169
78010
78010
78010
78010
78010
78010
78456
78531
75422
74325
72544
72544
72544
72544
72544
72544
72544
79642
78344
76169
75310
75310
75310
75310
75310
75310
75310
75310
79962
78844
76898
76898
76898
76898
76898
76898
76898
76898
76898
80211
79202
79202
79202
79202
79202
79202
79202
79202
79202
79202
80318
73859
42594
28224
31346
32876
34298
33134
40665
39737
40354
40354
31880
45397
47663
49856
48713
47871
46164
52030
50877
50877
50877
65621
66998
61198
61209
57769
59767
57364
55257
55257
55257
55257
72275
76011
73742
72632
72167
67465
64441
64441
64441
64441
64441
78406
78365
78323
78227
77505
76632
76632
76632
76632
76632
76632
78410
78400
78368
78349
78300
78300
78300
78300
78300
78300
78300
78435
78406
78385
78374
78374
78374
78374
78374
78374
78374
78374
78448
78427
78458
78458
78458
78458
78458
78458
78458
78458
78458
78501
77908
77908
77908
77908
77908
77908
77908
77908
77908
77908
79642
73859
56514
28337
27941
31346
32377
34063
34508
33137
40681
40681
21830
37981
40866
43291
45507
45661
44240
43786
50043
50043
50043
57228
58818
59257
57857
57929
55166
54265
54123
54123
54123
54123
61145
69633
66114
65958
65502
65015
59960
59960
59960
59960
59960
72275
75284
74709
73488
72632
72270
72270
72270
72270
72270
72270
77000
78374
78322
78233
77286
77286
77286
77286
77286
77286
77286
78402
78393
78378
78346
78346
78346
78346
78346
78346
78346
78346
78419
78407
78394
78394
78394
78394
78394
78394
78394
78394
78394
78435
78417
78417
78417
78417
78417
78417
78417
78417
78417
78417
78440
73859
62808
40579
27512
27988
31346
32398
34437
33254
34492
34492
21918
36535
37170
38126
40551
41894
42501
42317
41287
41287
41287
48992
51783
52146
54619
52658
53035
52014
50879
50879
50879
50879
63338
63697
65531
55986
56412
57073
54805
54805
54805
54805
54805
65544
69890
73457
68749
68001
67647
67647
67647
67647
67647
67647
72275
74936
76726
74055
73367
73367
73367
73367
73367
73367
73367
76146
78373
78320
78249
78249
78249
78249
78249
78249
78249
78249
78408
78391
78372
78372
78372
78372
78372
78372
78372
78372
78372
78402
78396
78396
78396
78396
78396
78396
78396
78396
78396
78396
78422
86201
63999
63999
63999
63999
63999
63999
63999
63999
63999
63999
93373
93297
90802
88028
85615
83959
81124
80628
80029
80029
80029
93373
93334
93297
93194
90801
89442
88028
86131
86131
86131
86131
93373
93352
93314
93297
93283
92069
90801
90801
90801
90801
90801
93373
93359
93334
93309
93297
93285
93285
93285
93285
93285
93285
93373
93362
93346
93322
93309
93309
93309
93309
93309
93309
93309
93373
93363
93352
93334
93334
93334
93334
93334
93334
93334
93334
93373
93364
93356
93356
93356
93356
93356
93356
93356
93356
93356
93373
93365
93365
93365
93365
93365
93365
93365
93365
93365
93365
93373
93003
59168
65197
66564
66036
67703
68172
68385
68568
68802
68802
91879
92390
89971
88899
85697
84686
81513
80814
80344
80344
80344
93351
93347
93304
93248
90970
89894
88056
87236
87236
87236
87236
93370
93355
93331
93305
93286
92219
90873
90873
90873
90873
90873
93376
93365
93342
93318
93303
93290
93290
93290
93290
93290
93290
93377
93370
93351
93329
93315
93315
93315
93315
93315
93315
93315
93377
93371
93358
93339
93339
93339
93339
93339
93339
93339
93339
93377
93372
93361
93361
93361
93361
93361
93361
93361
93361
93361
93376
93372
93372
93372
93372
93372
93372
93372
93372
93372
93372
93376
93003
52818
59168
63761
65196
64872
66564
63866
66037
67160
67160
80946
83044
85031
83433
81237
80103
78132
82059
80432
80432
80432
91879
93157
92390
92294
89971
88964
88899
87638
87638
87638
87638
93340
93338
93327
93289
93244
92686
91090
91090
91090
91090
91090
93351
93349
93347
93330
93304
93285
93285
93285
93285
93285
93285
93362
93356
93352
93338
93322
93322
93322
93322
93322
93322
93322
93370
93364
93355
93347
93347
93347
93347
93347
93347
93347
93347
93374
93369
93360
93360
93360
93360
93360
93360
93360
93360
93360
93376
93372
93372
93372
93372
93372
93372
93372
93372
93372
93372
93377
93003
71573
56720
59168
59014
65051
65197
64212
65540
66564
66564
64222
74278
73475
78177
76251
76105
74908
74452
74455
74455
74455
85215
90288
88255
88272
88203
86661
85332
84455
84455
84455
84455
91879
93246
92841
92390
92272
90942
89971
89971
89971
89971
89971
93337
93332
93322
93308
93270
93210
93210
93210
93210
93210
93210
93344
93343
93342
93335
93320
93320
93320
93320
93320
93320
93320
93351
93350
93349
93347
93347
93347
93347
93347
93347
93347
93347
93358
93354
93355
93355
93355
93355
93355
93355
93355
93355
93355
93365
93361
93361
93361
93361
93361
93361
93361
93361
93361
93361
93370
93003
79072
52818
56783
59168
60802
63760
65213
65197
64050
64050
58340
67837
71084
72675
73205
69723
69213
71864
71611
71611
71611
80945
83951
83043
84473
85030
84321
83432
82390
82390
82390
82390
87990
90772
90125
89862
89768
89834
88657
88657
88657
88657
88657
91879
92852
93157
92630
92390
92293
92293
92293
92293
92293
92293
93326
93330
93316
93307
93280
93280
93280
93280
93280
93280
93280
93340
93338
93338
93336
93336
93336
93336
93336
93336
93336
93336
93345
93342
93342
93342
93342
93342
93342
93342
93342
93342
93342
93351
93351
93351
93351
93351
93351
93351
93351
93351
93351
93351
93359
93003
81357
57459
54559
57168
59168
60461
58650
65390
65675
65675
59427
62127
65725
68655
70596
71088
71094
70783
70953
70953
70953
59645
74145
74149
78563
81490
81443
80771
79934
79934
79934
79934
80692
86522
86186
86293
87077
87370
86943
86943
86943
86943
86943
89078
90990
92050
90806
90563
90507
90507
90507
90507
90507
90507
91879
92570
93248
92991
92567
92567
92567
92567
92567
92567
92567
93308
93328
93318
93302
93302
93302
93302
93302
93302
93302
93302
93337
93337
93330
93330
93330
93330
93330
93330
93330
93330
93330
93344
93339
93339
93339
93339
93339
93339
93339
93339
93339
93339
93348
1.0989e+05
1.0989e+05
1.0989e+05
1.0989e+05
1.0989e+05
1.0989e+05
1.0989e+05
1.0989e+05
1.0989e+05
1.0989e+05
1.0989e+05
1.0989e+05
1.0989e+05
1.0989e+05
1.0989e+05
1.0989e+05
1.0989e+05
1.0989e+05
1.0989e+05
1.0989e+05
1.0989e+05
1.0989e+05
1.0989e+05
1.0989e+05
1.0989e+05
1.0989e+05
1.0989e+05
1.0989e+05
1.0989e+05
1.0989e+05
1.0989e+05
1.0989e+05
1.0989e+05
1.0989e+05
1.0989e+05
1.0989e+05
1.0989e+05
1.0989e+05
1.0989e+05
1.0989e+05
1.0989e+05
1.0989e+05
1.0989e+05
1.0989e+05
1.0989e+05
1.0989e+05
1.0989e+05
1.0989e+05
1.0989e+05
1.0989e+05
1.0989e+05
1.0989e+05
1.0989e+05
1.0989e+05
1.0989e+05
1.0989e+05
1.0989e+05
1.0989e+05
1.0989e+05
1.0989e+05
1.0989e+05
1.0989e+05
1.0989e+05
1.0989e+05
1.0989e+05
1.0989e+05
1.0989e+05
1.0989e+05
1.0989e+05
1.0989e+05
1.0989e+05
1.0989e+05
1.0989e+05
1.0989e+05
1.0989e+05
1.0989e+05
1.0989e+05
1.0989e+05
1.0989e+05
1.0989e+05
1.0989e+05
1.0989e+05
1.0989e+05
1.0989e+05
1.0989e+05
1.0989e+05
1.0989e+05
1.0989e+05
1.0989e+05
1.0989e+05
1.0989e+05
1.0989e+05
1.0989e+05
1.0989e+05
1.0989e+05
1.0989e+05
1.0989e+05
1.0989e+05
1.0989e+05
1.0989e+05
1.0989e+05
1.0989e+05
1.0989e+05
1.0989e+05
1.0989e+05
1.0989e+05
1.0989e+05
1.0989e+05
1.0989e+05
1.0989e+05
1.0989e+05
1.0989e+05
1.0989e+05
1.0989e+05
1.0989e+05
1.0989e+05
1.0989e+05
1.0989e+05
1.0989e+05
1.0989e+05
1.0989e+05
1.0989e+05
1.0989e+05
1.0989e+05
1.0989e+05
1.0989e+05
1.0989e+05
1.0989e+05
1.0989e+05
1.0989e+05
1.0989e+05
1.0989e+05
1.0989e+05
1.0989e+05
1.0989e+05
1.0989e+05
1.0989e+05
1.0989e+05
1.0989e+05
1.0989e+05
1.0989e+05
1.0989e+05
1.0989e+05
1.0989e+05
1.0989e+05
1.0989e+05
1.0989e+05
1.0989e+05
1.0989e+05
1.0989e+05
1.0989e+05
1.0989e+05
1.0989e+05
1.0989e+05
1.0989e+05
1.0989e+05
1.0989e+05
1.0989e+05
1.0989e+05
1.0989e+05
1.0989e+05
1.0989e+05
1.0989e+05
1.0989e+05
1.0989e+05
1.0989e+05
1.0989e+05
1.0989e+05
1.0989e+05
1.0989e+05
1.0989e+05
1.0989e+05
1.0989e+05
1.0989e+05
1.0989e+05
1.0989e+05
1.0989e+05
1.0989e+05
1.0989e+05
1.0989e+05
1.0989e+05
1.0989e+05
1.0989e+05
1.0989e+05
1.0989e+05
1.0989e+05
1.0989e+05
1.0989e+05
1.0989e+05
1.0989e+05
1.0989e+05
1.0989e+05
1.0989e+05
1.0989e+05
1.0989e+05
1.0989e+05
1.0989e+05
1.0989e+05
1.0989e+05
1.0989e+05
1.0989e+05
1.0989e+05
1.0989e+05
1.0989e+05
1.0989e+05
1.0989e+05
1.0989e+05
1.0989e+05
1.0989e+05
1.0989e+05
1.0989e+05
1.0989e+05
1.0989e+05
1.0989e+05
1.0989e+05
1.0989e+05
1.0989e+05
1.0989e+05
1.0989e+05
1.0989e+05
1.0989e+05
1.0989e+05
1.0989e+05
1.0989e+05
1.0989e+05
1.0989e+05
1.0989e+05
1.0989e+05
1.0989e+05
1.0989e+05
1.0989e+05
1.0989e+05
1.0989e+05
1.0989e+05
1.0989e+05
1.0989e+05
1.0989e+05
1.0989e+05
1.0989e+05
1.0989e+05
1.0989e+05
1.0989e+05
1.0989e+05
1.0989e+05
1.0989e+05
1.0989e+05
1.0989e+05
1.0989e+05
1.0989e+05
1.0989e+05
1.0989e+05
1.0989e+05
1.0989e+05
1.0989e+05
1.0989e+05
1.0989e+05
1.0989e+05
1.0989e+05
1.0989e+05
1.0989e+05
1.0989e+05
1.0989e+05
1.0989e+05
1.0989e+05
1.0989e+05
1.0989e+05
1.0989e+05
1.0989e+05
1.0989e+05
1.0989e+05
1.0989e+05
1.0989e+05
1.0989e+05
1.0989e+05
1.0989e+05
1.0989e+05
1.0989e+05
1.0989e+05
1.0989e+05
1.0989e+05
1.0989e+05
1.0989e+05
1.0989e+05
1.0989e+05
1.0989e+05
1.0989e+05
1.0989e+05
1.0989e+05
1.0989e+05
1.0989e+05
1.0989e+05
1.0989e+05
1.0989e+05
1.0989e+05
1.0989e+05
1.0989e+05
1.0989e+05
1.0989e+05
1.0989e+05
1.0989e+05
1.0989e+05
1.0989e+05
1.0989e+05
1.0989e+05
1.0989e+05
1.0989e+05
1.0989e+05
1.0989e+05
1.0989e+05
1.0989e+05
1.0989e+05
1.0989e+05
1.0989e+05
1.0989e+05
1.0989e+05
1.0989e+05
1.0989e+05
1.0989e+05
1.0989e+05
1.0989e+05
1.0989e+05
1.0989e+05
1.0989e+05
1.0989e+05
1.0989e+05
1.0989e+05
1.0989e+05
1.0989e+05
1.0989e+05
1.0989e+05
1.0989e+05
1.0989e+05
1.0989e+05
1.0989e+05
1.0989e+05
1.0989e+05
1.0989e+05
1.0989e+05
1.0989e+05
1.0989e+05
1.0989e+05
1.0989e+05
1.0989e+05
1.0989e+05
1.0989e+05
1.0989e+05
1.0989e+05
1.0989e+05
1.0989e+05
1.0989e+05
1.0989e+05
1.0989e+05
1.0989e+05
1.0989e+05
1.0989e+05
1.0989e+05
1.0989e+05
1.0989e+05
1.0989e+05
1.0989e+05
1.0989e+05
1.0989e+05
1.0989e+05
1.0989e+05
1.0989e+05
1.0989e+05
1.0989e+05
1.0989e+05
1.0989e+05
1.0989e+05
1.0989e+05
1.0989e+05
1.0989e+05
1.0989e+05
1.0989e+05
1.0989e+05
1.0989e+05
1.0989e+05
1.0989e+05
1.0989e+05
1.0989e+05
1.0989e+05
1.0989e+05
1.0989e+05
1.0989e+05
1.0989e+05
1.0989e+05
1.0989e+05
1.0989e+05
1.0989e+05
1.0989e+05
1.0989e+05
1.0989e+05
1.0989e+05
1.0989e+05
1.0989e+05
1.0989e+05
1.0989e+05
1.0989e+05
1.0989e+05
1.0989e+05
1.0989e+05
1.0989e+05
1.0989e+05
1.0989e+05
1.0989e+05
1.0989e+05
1.0989e+05
1.0989e+05
1.0989e+05
1.0989e+05
1.0989e+05
1.0989e+05
1.0989e+05
1.0989e+05
1.0989e+05
1.0989e+05
1.0989e+05
1.0989e+05
1.0989e+05
1.0989e+05
1.0989e+05
1.0989e+05
1.0989e+05
1.0989e+05
1.0989e+05
1.0989e+05
1.0989e+05
1.0989e+05
1.0989e+05
1.0989e+05
1.0989e+05
1.0989e+05
1.0989e+05
1.0989e+05
1.0989e+05
1.0989e+05
1.0989e+05
1.0989e+05
1.0989e+05
1.0989e+05
1.0989e+05
1.0989e+05
1.0989e+05
1.0989e+05
1.0989e+05
1.0989e+05
1.0989e+05
1.0989e+05
1.0989e+05
1.0989e+05
1.0989e+05
1.0989e+05
1.0989e+05
1.0989e+05
1.0989e+05
1.0989e+05
1.0989e+05
1.0989e+05
1.0989e+05
1.0989e+05
1.0989e+05
1.0989e+05
1.0989e+05
1.0989e+05
1.0989e+05
1.0989e+05
1.0989e+05
1.0989e+05
1.0989e+05
1.0989e+05
1.0989e+05
1.0989e+05
1.0989e+05
1.0989e+05
1.0989e+05
1.0989e+05
1.0989e+05
1.0989e+05
1.0989e+05
1.0989e+05
1.0989e+05
1.0989e+05
1.0989e+05
1.0989e+05
1.0989e+05
1.0989e+05
1.0989e+05
1.0989e+05
1.0989e+05
1.0989e+05
1.0989e+05
1.0989e+05
1.0989e+05
1.0989e+05
1.0989e+05
1.0989e+05
1.0989e+05
1.0989e+05
1.0989e+05
1.0989e+05
1.0989e+05
1.0989e+05
1.0989e+05
1.0989e+05
1.0989e+05
1.0989e+05
1.0989e+05
1.0989e+05
1.0989e+05
1.0989e+05
1.0989e+05
1.0989e+05
1.0989e+05
1.0989e+05
1.0989e+05
1.0989e+05
1.0989e+05
1.0989e+05
1.0989e+05
1.0989e+05
1.0989e+05
1.0989e+05
1.0989e+05
1.0989e+05
1.0989e+05
1.0989e+05
1.0989e+05
1.0989e+05
1.0989e+05
1.0989e+05
1.0989e+05
1.0989e+05
1.0989e+05
1.0989e+05
1.0989e+05
1.0989e+05
1.0989e+05
1.0989e+05
1.0989e+05
1.0989e+05
1.0989e+05
1.0989e+05
1.0989e+05
1.0989e+05
1.0989e+05
1.0989e+05
1.0989e+05
1.0989e+05
1.0989e+05
1.0989e+05
1.0989e+05
1.0989e+05
1.0989e+05
1.0989e+05
1.0989e+05
1.0989e+05
1.0989e+05
1.0989e+05
1.0989e+05
1.0989e+05
1.0989e+05
1.0989e+05
1.0989e+05
1.0989e+05
1.0989e+05
1.0989e+05
1.0989e+05
1.0989e+05
1.0989e+05
1.0989e+05
1.0989e+05
1.0989e+05
1.0989e+05
1.0989e+05
1.0989e+05
1.0989e+05
1.0989e+05
1.0989e+05
1.0989e+05
1.0989e+05
1.0989e+05
1.0989e+05
1.0989e+05
1.0989e+05
1.0989e+05
1.0989e+05
1.0989e+05
1.0989e+05
1.0989e+05
1.0989e+05
1.0989e+05
1.0989e+05
1.0989e+05
1.0989e+05
1.0989e+05
1.0989e+05
1.0989e+05
1.0989e+05
1.0989e+05
