0.038462
0.038462
0.038462
0.038462
0.038462
0.038462
0.038462
0.038462
0.038462
0.038462
0.038462
0.038462
0.038462
0.038462
0.038462
0.038462
0.038462
0.038462
0.038462
0.038462
0.038462
0.038462
0.038462
0.038462
0.038462
0.038462
0.038462
0.038462
0.038462
0.038462
0.038462
0.038462
0.038462
0.038462
0.038462
0.038462
0.038462
0.038462
0.038462
0.038462
0.038462
0.038462
0.038462
0.038462
0.038462
0.038462
0.038462
0.038462
0.038462
0.038462
0.038462
0.038462
0.038462
0.038462
0.038462
0.038462
0.038462
0.038462
0.038462
0.038462
0.038462
0.038462
0.038462
0.038462
0.038462
0.038462
0.038462
0.038462
0.038462
0.038462
0.038462
0.038462
0.038462
0.038462
0.038462
0.038462
0.038462
0.038462
0.038462
0.038462
0.038462
0.038462
0.038462
0.038462
0.038462
0.038462
0.038462
0.038462
0.038462
0.038462
0.038462
0.038462
0.038462
0.038462
0.038462
0.038462
0.038462
0.038462
0.038462
0.038462
0.038462
0.038462
0.038462
0.038462
0.038462
0.038462
0.038462
0.038462
0.038462
0.038462
0.038462
0.038462
0.038462
0.038462
0.038462
0.038462
0.038462
0.038462
0.038462
0.038462
0.038462
0.038462
0.038462
0.038462
0.038462
0.038462
0.038462
0.038462
0.038462
0.038462
0.038462
0.038462
0.038462
0.038462
0.038462
0.038462
0.038462
0.038462
0.038462
0.038462
0.038462
0.038462
0.038462
0.038462
0.038462
0.038462
0.038462
0.038462
0.038462
0.038462
0.038462
0.038462
0.038462
0.038462
0.038462
0.038462
0.038462
0.038462
0.038462
0.038462
0.038462
0.038462
0.038462
0.038462
0.038462
0.038462
0.038462
0.038462
0.038462
0.038462
0.038462
0.038462
0.038462
0.038462
0.038462
0.038462
0.038462
0.038462
0.038462
0.038462
0.038462
0.038462
0.038462
0.038462
0.038462
0.038462
0.038462
0.038462
0.038462
0.038462
0.038462
0.038462
0.038462
0.038462
0.038462
0.038462
0.038462
0.038462
0.038462
0.038462
0.038462
0.038462
0.038462
0.038462
0.038462
0.038462
0.038462
0.038462
0.038462
0.038462
0.038462
0.038462
0.038462
0.038462
0.038462
0.038462
0.038462
0.038462
0.038462
0.038462
0.038462
0.038462
0.038462
0.038462
0.038462
0.038462
0.038462
0.038462
0.038462
0.038462
0.038462
0.038462
0.038462
0.038462
0.038462
0.038462
0.038462
0.038462
0.038462
0.038462
0.038462
0.038462
0.038462
0.038462
0.038462
0.038462
0.038462
0.038462
0.038462
0.038462
0.038462
0.038462
0.038462
0.038462
0.038462
0.038462
0.038462
0.038462
0.038462
0.038462
0.038462
0.038462
0.038462
0.038462
0.038462
0.038462
0.038462
0.038462
0.038462
0.038462
0.038462
0.038462
0.038462
0.038462
0.038462
0.038462
0.038462
0.038462
0.038462
0.038462
0.038462
0.038462
0.038462
0.038462
0.038462
0.038462
0.038462
0.038462
0.038462
0.038462
0.038462
0.038462
0.038462
0.038462
0.038462
0.038462
0.038462
0.038462
0.038462
0.038462
0.038462
0.038462
0.038462
0.038462
0.038462
0.038462
0.038462
0.038462
0.038462
0.038462
0.038462
0.038462
0.038462
0.038462
0.038462
0.038462
0.038462
0.038462
0.038462
0.038462
0.038462
0.038462
0.038462
0.038462
0.038462
0.038462
0.038462
0.038462
0.038462
0.038462
0.038462
0.038462
0.038462
0.038462
0.038462
0.038462
0.038462
0.038462
0.038462
0.038462
0.038462
0.038462
0.038462
0.038462
0.038462
0.038462
0.038462
0.038462
0.038462
0.038462
0.038462
0.038462
0.038462
0.038462
0.038462
0.038462
0.038462
0.038462
0.038462
0.038462
0.038462
0.038462
0.038462
0.038462
0.038462
0.038462
0.038462
0.038462
0.038462
0.038462
0.038462
0.038462
0.038462
0.038462
0.038462
0.038462
0.038462
0.038462
0.038462
0.038462
0.038462
0.038462
0.038462
0.038462
0.038462
0.038462
0.038462
0.038462
0.038462
0.038462
0.038462
0.038462
0.038462
0.038462
0.038462
0.038462
0.038462
0.038462
0.038462
0.038462
0.038462
0.038462
0.038462
0.038462
0.038462
0.038462
0.038462
0.038462
0.038462
0.038462
0.038462
0.038462
0.038462
0.038462
0.038462
0.038462
0.038462
0.038462
0.038462
0.038462
0.038462
0.038462
0.038462
0.038462
0.038462
0.038462
0.038462
0.038462
0.038462
0.038462
0.038462
0.038462
0.038462
0.038462
0.038462
0.038462
0.038462
0.038462
0.038462
0.038462
0.038462
0.038462
0.038462
0.038462
0.038462
0.038462
0.038462
0.038462
0.038462
0.038462
0.038462
0.038462
0.038462
0.038462
0.038462
0.038462
0.038462
0.038462
0.038462
0.038462
0.038462
0.038462
0.038462
0.038462
0.038462
0.038462
0.038462
0.038462
0.038462
0.038462
0.038462
0.038462
0.038462
0.038462
0.038462
0.038462
0.038462
0.038462
0.038462
0.038462
0.038462
0.038462
0.038462
0.038462
0.038462
0.038462
0.038462
0.038462
0.038462
0.038462
0.038462
0.038462
0.038462
0.038462
0.038462
0.038462
0.038462
0.038462
0.038462
0.038462
0.038462
0.038462
0.038462
0.038462
0.038462
0.038462
0.038462
0.038462
0.038462
0.038462
0.038462
0.038462
0.038462
0.038462
0.038462
0.038462
0.038462
0.038462
0.038462
0.038462
0.038462
0.038462
0.038462
0.038462
0.038462
0.038462
0.038462
0.038462
0.038462
0.038462
0.038462
0.038462
0.038462
0.038462
0.038462
0.038462
0.038462
0.038462
0.038462
0.038462
0.038462
0.038462
0.038462
0.038462
0.038462
0.038462
0.038462
0.038462
0.038462
0.038462
0.038462
0.038462
0.038462
0.038462
0.038462
0.038462
0.038462
0.038462
0.038462
0.038462
0.038462
0.038462
0.038462
0.038462
0.038462
0.038462
0.038462
0.038462
0.038462
0.038462
0.038462
0.038462
0.038462
0.038462
0.038462
0.038462
0.038462
0.038462
0.038462
0.038462
0.038462
0.038462
0.038462
0.038462
0.038462
0.038462
0.038462
0.038462
0.038462
0.038462
0.038462
0.038462
0.038462
0.038462
0.038462
0.038462
0.038462
0.038462
0.038462
0.038462
0.041825
0.042394
0.042358
0.042317
0.042359
0.042341
0.042334
0.042331
0.042328
0.042401
0.042401
4.7881
0.042361
0.042384
0.042388
0.042366
0.042351
0.042344
0.04234
0.042337
0.042337
0.042337
4.7534
0.042375
0.042389
0.042398
0.042383
0.042367
0.042357
0.042349
0.042349
0.042349
0.042349
4.7516
0.042497
0.042402
0.042365
0.042395
0.042384
0.042374
0.042374
0.042374
0.042374
0.042374
4.775
0.042486
0.042419
0.042399
0.042354
0.042396
0.042396
0.042396
0.042396
0.042396
0.042396
4.7821
0.04246
0.042402
0.0424
0.042386
0.042386
0.042386
0.042386
0.042386
0.042386
0.042386
4.7299
4.74
0.04237
0.042402
0.042402
0.042402
0.042402
0.042402
0.042402
0.042402
0.042402
4.733
4.7256
0.042442
0.042442
0.042442
0.042442
0.042442
0.042442
0.042442
0.042442
0.042442
4.7346
4.7058
4.7058
4.7058
4.7058
4.7058
4.7058
4.7058
4.7058
4.7058
4.7058
4.7355
0.041825
0.042433
0.042388
0.042321
0.042364
0.042344
0.042336
0.042332
0.042329
0.042402
0.042402
594.51
0.042371
0.042394
0.04239
0.042368
0.042353
0.042345
0.042341
0.042337
0.042337
0.042337
595.14
0.042384
0.042408
0.042328
0.042384
0.042369
0.042358
0.04235
0.04235
0.04235
0.04235
4.7639
0.042419
0.042416
0.042371
0.042398
0.042385
0.042375
0.042375
0.042375
0.042375
0.042375
4.7581
0.042416
0.042412
0.042405
0.042358
0.042397
0.042397
0.042397
0.042397
0.042397
0.042397
4.7767
0.042698
0.042397
0.042405
0.042387
0.042387
0.042387
0.042387
0.042387
0.042387
0.042387
4.7836
4.746
0.042421
0.042408
0.042408
0.042408
0.042408
0.042408
0.042408
0.042408
0.042408
4.7322
4.7373
0.042393
0.042393
0.042393
0.042393
0.042393
0.042393
0.042393
0.042393
0.042393
4.7341
4.7123
4.7123
4.7123
4.7123
4.7123
4.7123
4.7123
4.7123
4.7123
4.7123
4.7353
33.122
655.75
0.042354
0.042342
0.042374
0.042349
0.042339
0.042335
0.042332
0.042404
0.042404
593.09
593.33
0.042369
0.042325
0.042376
0.042358
0.042348
0.042342
0.042339
0.042339
0.042339
587.02
599.36
0.042383
0.04235
0.042388
0.042374
0.042362
0.042353
0.042353
0.042353
0.042353
590.83
475.43
0.042397
0.042381
0.042406
0.042388
0.042378
0.042378
0.042378
0.042378
0.042378
636.75
143.19
0.042403
0.04236
0.042369
0.042403
0.042403
0.042403
0.042403
0.042403
0.042403
644.52
92.528
0.042374
0.042428
0.042392
0.042392
0.042392
0.042392
0.042392
0.042392
0.042392
4.7986
4.7529
0.042452
0.042412
0.042412
0.042412
0.042412
0.042412
0.042412
0.042412
0.042412
4.7629
4.7711
0.042403
0.042403
0.042403
0.042403
0.042403
0.042403
0.042403
0.042403
0.042403
4.7759
4.7287
4.7287
4.7287
4.7287
4.7287
4.7287
4.7287
4.7287
4.7287
4.7287
4.7815
33.217
657.17
431.62
0.042345
0.042387
0.042362
0.042345
0.042339
0.042336
0.042333
0.042333
596.52
598.65
523.96
0.042351
0.042388
0.042366
0.042353
0.042346
0.042342
0.042342
0.042342
598.89
600.96
398.6
0.042366
0.042397
0.042379
0.042367
0.042357
0.042357
0.042357
0.042357
601.53
597.17
76.794
0.042346
0.042351
0.042391
0.042381
0.042381
0.042381
0.042381
0.042381
594.83
604.06
49.656
0.042402
0.042377
0.042412
0.042412
0.042412
0.042412
0.042412
0.042412
595.73
635.78
11.88
0.042402
0.042411
0.042411
0.042411
0.042411
0.042411
0.042411
0.042411
642.72
637.37
0.04252
0.042395
0.042395
0.042395
0.042395
0.042395
0.042395
0.042395
0.042395
636.82
638.42
0.042493
0.042493
0.042493
0.042493
0.042493
0.042493
0.042493
0.042493
0.042493
639.02
4.9513
4.9513
4.9513
4.9513
4.9513
4.9513
4.9513
4.9513
4.9513
4.9513
4.7989
702.58
598.21
648.79
51.347
0.042347
0.042373
0.042356
0.042344
0.042339
0.042337
0.042337
606.23
614.99
607.71
297.13
0.042317
0.042376
0.042362
0.042351
0.042345
0.042345
0.042345
595.15
597.22
612.07
73.42
0.042346
0.042387
0.042372
0.042363
0.042363
0.042363
0.042363
598.19
613.26
608.58
23.605
0.042361
0.042403
0.042386
0.042386
0.042386
0.042386
0.042386
612.19
607.68
627.68
0.042559
0.042407
0.042357
0.042357
0.042357
0.042357
0.042357
0.042357
605.25
598.51
687.15
0.042472
0.042363
0.042363
0.042363
0.042363
0.042363
0.042363
0.042363
593.96
601.79
480.5
0.042426
0.042426
0.042426
0.042426
0.042426
0.042426
0.042426
0.042426
610.68
614.24
433.69
433.69
433.69
433.69
433.69
433.69
433.69
433.69
433.69
627.6
631.69
631.69
631.69
631.69
631.69
631.69
631.69
631.69
631.69
631.69
628.58
704.15
599.83
648.55
524.09
55.764
0.042336
0.042365
0.042355
0.042344
0.042339
0.042339
625.84
602.07
600.22
665.95
57.395
0.042377
0.042369
0.042361
0.042351
0.042351
0.042351
586.83
604.65
603.84
671.37
0.042387
0.042392
0.042379
0.042369
0.042369
0.042369
0.042369
605.44
604.9
601.76
645.57
0.042477
0.042347
0.042393
0.042393
0.042393
0.042393
0.042393
603.89
601.55
614.26
473.9
0.042452
0.042361
0.042361
0.042361
0.042361
0.042361
0.042361
616.77
613.19
607.11
423.04
0.042465
0.042465
0.042465
0.042465
0.042465
0.042465
0.042465
610.65
605.45
595.18
128.65
128.65
128.65
128.65
128.65
128.65
128.65
128.65
602.13
594.51
599.66
599.66
599.66
599.66
599.66
599.66
599.66
599.66
599.66
610.59
597.63
597.63
597.63
597.63
597.63
597.63
597.63
597.63
597.63
597.63
598.13
0.04529
0.046001
0.045949
0.045876
0.045806
0.045712
0.045681
0.045681
0.04565
0.045626
0.045626
39.147
0.045881
0.045912
0.045816
0.045766
0.045714
0.045678
0.045658
0.045647
0.045647
0.045647
31.249
0.046314
0.0456
0.045834
0.045779
0.045736
0.045699
0.045675
0.045675
0.045675
0.045675
29.966
0.04661
0.045712
0.045894
0.045804
0.045769
0.045744
0.045744
0.045744
0.045744
0.045744
29.644
0.046554
0.046442
0.045736
0.045798
0.045788
0.045788
0.045788
0.045788
0.045788
0.045788
29.498
0.046994
0.045822
0.045706
0.045891
0.045891
0.045891
0.045891
0.045891
0.045891
0.045891
29.498
0.047005
0.046447
0.046416
0.046416
0.046416
0.046416
0.046416
0.046416
0.046416
0.046416
29.473
0.046994
0.046923
0.046923
0.046923
0.046923
0.046923
0.046923
0.046923
0.046923
0.046923
29.458
0.046855
0.046855
0.046855
0.046855
0.046855
0.046855
0.046855
0.046855
0.046855
0.046855
29.448
0.04529
0.046108
0.045942
0.04586
0.045796
0.045719
0.045681
0.045653
0.045631
0.04561
0.04561
2148
0.046517
0.045687
0.045812
0.04577
0.045716
0.045681
0.045659
0.045649
0.045649
0.045649
2140.7
0.046466
0.045754
0.045827
0.045779
0.04574
0.045701
0.045676
0.045676
0.045676
0.045676
2035.3
0.046914
0.045827
0.045907
0.045825
0.045769
0.045747
0.045747
0.045747
0.045747
0.045747
1247.8
0.046908
0.046445
0.045737
0.045807
0.045808
0.045808
0.045808
0.045808
0.045808
0.045808
1173.9
0.046893
0.046045
0.045702
0.045996
0.045996
0.045996
0.045996
0.045996
0.045996
0.045996
1010.2
0.047093
0.046447
0.046422
0.046422
0.046422
0.046422
0.046422
0.046422
0.046422
0.046422
925.27
0.046913
0.046923
0.046923
0.046923
0.046923
0.046923
0.046923
0.046923
0.046923
0.046923
299.98
0.046777
0.046777
0.046777
0.046777
0.046777
0.046777
0.046777
0.046777
0.046777
0.046777
236.98
2166.6
2159.5
0.045867
0.045613
0.04581
0.04573
0.045678
0.045646
0.045626
0.045612
0.045612
2157.7
2159.8
0.045786
0.045825
0.045787
0.045728
0.045688
0.045664
0.045648
0.045648
0.045648
2154
2160.4
0.045795
0.045843
0.045803
0.045759
0.045712
0.045681
0.045681
0.045681
0.045681
2150.3
0.045816
0.046437
0.045621
0.045812
0.045766
0.045763
0.045763
0.045763
0.045763
0.045763
2145.7
0.046933
0.046597
0.045727
0.0459
0.045813
0.045813
0.045813
0.045813
0.045813
0.045813
2145.5
0.047036
0.046436
0.045802
0.046302
0.046302
0.046302
0.046302
0.046302
0.046302
0.046302
2032
0.046957
0.046603
0.046438
0.046438
0.046438
0.046438
0.046438
0.046438
0.046438
0.046438
1216.4
0.046823
0.046938
0.046938
0.046938
0.046938
0.046938
0.046938
0.046938
0.046938
0.046938
1248.6
0.046876
0.046876
0.046876
0.046876
0.046876
0.046876
0.046876
0.046876
0.046876
0.046876
1227.4
2170.2
2157.8
2153.4
0.04573
0.045808
0.045748
0.045692
0.045666
0.045648
0.045636
0.045636
2156.2
2160.3
0.045428
0.045654
0.045786
0.045757
0.0457
0.045671
0.045649
0.045649
0.045649
2157.2
2157.6
0.045764
0.045703
0.045818
0.045801
0.045731
0.045708
0.045708
0.045708
0.045708
2157.5
2157.8
0.045869
0.045732
0.045816
0.045794
0.045771
0.045771
0.045771
0.045771
0.045771
2141.7
2157.5
0.046551
0.045796
0.045615
0.045836
0.045836
0.045836
0.045836
0.045836
0.045836
2135.7
2158
0.046733
0.046424
0.045736
0.045736
0.045736
0.045736
0.045736
0.045736
0.045736
2149.8
2154.2
0.046411
0.046437
0.046437
0.046437
0.046437
0.046437
0.046437
0.046437
0.046437
2149
0.046024
0.046721
0.046721
0.046721
0.046721
0.046721
0.046721
0.046721
0.046721
0.046721
2136.6
0.046083
0.046083
0.046083
0.046083
0.046083
0.046083
0.046083
0.046083
0.046083
0.046083
2032.9
2166.3
2155
2156.5
0.045328
0.045893
0.045789
0.045718
0.045672
0.045625
0.045608
0.045608
2160.1
2155.1
2160.3
0.0459
0.04586
0.045806
0.045734
0.045687
0.045662
0.045662
0.045662
2159.4
2160
2158.7
0.045783
0.045626
0.045825
0.045769
0.045716
0.045716
0.045716
0.045716
2155.1
2156
2159.1
0.045961
0.046056
0.04579
0.045764
0.045764
0.045764
0.045764
0.045764
2142.3
2158.2
2153
0.046358
0.045697
0.045885
0.045885
0.045885
0.045885
0.045885
0.045885
2153.1
2148.5
0.045629
0.046608
0.045717
0.045717
0.045717
0.045717
0.045717
0.045717
0.045717
2153.1
2156.6
0.045899
0.046016
0.046016
0.046016
0.046016
0.046016
0.046016
0.046016
0.046016
2140
2151.7
0.045843
0.045843
0.045843
0.045843
0.045843
0.045843
0.045843
0.045843
0.045843
2150.6
2155.5
2155.5
2155.5
2155.5
2155.5
2155.5
2155.5
2155.5
2155.5
2155.5
2143.3
2170.2
2159.7
2159.4
2156.5
0.045817
0.045797
0.045775
0.045704
0.045677
0.045644
0.045644
2160.4
2155.7
2154.6
2158.3
0.045702
0.045788
0.045775
0.045723
0.045679
0.045679
0.045679
2160.4
2150.9
2160.1
2158.7
0.045751
0.045809
0.045763
0.045756
0.045756
0.045756
0.045756
2158.5
2159.2
2159
1816.7
0.045743
0.045911
0.045812
0.045812
0.045812
0.045812
0.045812
2155.6
2156.9
2152.7
0.045514
0.045795
0.045618
0.045618
0.045618
0.045618
0.045618
0.045618
2144
2146.4
2157.9
0.045785
0.045963
0.045963
0.045963
0.045963
0.045963
0.045963
0.045963
2154.8
2156.3
2158.5
0.046045
0.046045
0.046045
0.046045
0.046045
0.046045
0.046045
0.046045
2142.2
2157.2
2157.5
2157.5
2157.5
2157.5
2157.5
2157.5
2157.5
2157.5
2157.5
2146
2152.7
2152.7
2152.7
2152.7
2152.7
2152.7
2152.7
2152.7
2152.7
2152.7
2144.7
0.060147
0.048352
0.048501
0.048631
0.048584
0.048543
0.048439
0.048425
0.048427
0.048429
0.048429
139.94
0.048772
0.048517
0.048619
0.048544
0.04855
0.048473
0.048458
0.04844
0.04844
0.04844
134.16
0.049432
0.048759
0.048689
0.048646
0.048548
0.048503
0.048482
0.048482
0.048482
0.048482
133.39
0.049537
0.048649
0.0486
0.048658
0.048665
0.048598
0.048598
0.048598
0.048598
0.048598
133.12
0.049619
0.049096
0.04866
0.048601
0.048614
0.048614
0.048614
0.048614
0.048614
0.048614
134.83
0.050304
0.049403
0.048644
0.04878
0.04878
0.04878
0.04878
0.04878
0.04878
0.04878
132.97
0.050226
0.049558
0.049048
0.049048
0.049048
0.049048
0.049048
0.049048
0.049048
0.049048
134.74
0.050437
0.049665
0.049665
0.049665
0.049665
0.049665
0.049665
0.049665
0.049665
0.049665
134.72
0.050353
0.050353
0.050353
0.050353
0.050353
0.050353
0.050353
0.050353
0.050353
0.050353
132.9
2816.8
0.048825
0.048496
0.048749
0.048552
0.048551
0.048451
0.048492
0.048427
0.048429
0.048429
3547.7
0.048689
0.0485
0.048719
0.048628
0.048564
0.048524
0.048505
0.048494
0.048494
0.048494
3549.8
0.049421
0.048658
0.048696
0.04869
0.048645
0.048583
0.048539
0.048539
0.048539
0.048539
3542.5
0.048917
0.048643
0.048599
0.048639
0.048663
0.048648
0.048648
0.048648
0.048648
0.048648
3523.2
0.04975
0.049453
0.048661
0.048601
0.048616
0.048616
0.048616
0.048616
0.048616
0.048616
3117.6
0.050293
0.048779
0.048642
0.04878
0.04878
0.04878
0.04878
0.04878
0.04878
0.04878
2320.6
0.050328
0.049554
0.048935
0.048935
0.048935
0.048935
0.048935
0.048935
0.048935
0.048935
1299.1
0.05049
0.049781
0.049781
0.049781
0.049781
0.049781
0.049781
0.049781
0.049781
0.049781
867.21
0.05041
0.05041
0.05041
0.05041
0.05041
0.05041
0.05041
0.05041
0.05041
0.05041
800.03
2820.3
3573.3
0.048731
0.04874
0.048582
0.048515
0.048475
0.048453
0.048437
0.048429
0.048429
3564.7
3570.5
0.048668
0.048699
0.048598
0.048525
0.048485
0.048471
0.048463
0.048463
0.048463
3552.1
0.048844
0.048648
0.048627
0.048663
0.048605
0.048532
0.048494
0.048494
0.048494
0.048494
3541.2
0.049307
0.048894
0.048781
0.04861
0.048644
0.048629
0.048629
0.048629
0.048629
0.048629
3546
0.04968
0.049423
0.048653
0.048624
0.048612
0.048612
0.048612
0.048612
0.048612
0.048612
3549.3
0.050495
0.049518
0.048788
0.048665
0.048665
0.048665
0.048665
0.048665
0.048665
0.048665
3548.2
0.050246
0.049518
0.049465
0.049465
0.049465
0.049465
0.049465
0.049465
0.049465
0.049465
3530.4
0.050477
0.049599
0.049599
0.049599
0.049599
0.049599
0.049599
0.049599
0.049599
0.049599
3510.8
0.050586
0.050586
0.050586
0.050586
0.050586
0.050586
0.050586
0.050586
0.050586
0.050586
3146.4
2821.8
3565.4
3567.2
0.048518
0.048714
0.048547
0.048496
0.048517
0.048494
0.048448
0.048448
3565.1
3572.4
0.049185
0.048664
0.048676
0.048566
0.048575
0.048534
0.048501
0.048501
0.048501
3557.6
3560.5
0.049019
0.048781
0.048622
0.048638
0.048567
0.048508
0.048508
0.048508
0.048508
3557.3
3558.1
0.049153
0.048656
0.048603
0.048623
0.048632
0.048632
0.048632
0.048632
0.048632
3553.6
3556.9
0.04947
0.048751
0.048781
0.048608
0.048608
0.048608
0.048608
0.048608
0.048608
3546.2
3553.7
0.048933
0.049042
0.048657
0.048657
0.048657
0.048657
0.048657
0.048657
0.048657
3549.8
1233.6
0.049538
0.049431
0.049431
0.049431
0.049431
0.049431
0.049431
0.049431
0.049431
3548.6
0.049211
0.049756
0.049756
0.049756
0.049756
0.049756
0.049756
0.049756
0.049756
0.049756
3547.9
0.049366
0.049366
0.049366
0.049366
0.049366
0.049366
0.049366
0.049366
0.049366
0.049366
3548.9
3580.7
3573.3
3570.7
0.049215
0.048438
0.048657
0.0486
0.048548
0.048486
0.048473
0.048473
3572.6
3568.7
3574.2
0.049013
0.04861
0.048632
0.048633
0.048502
0.048535
0.048535
0.048535
3566
3568.9
3568.9
0.048992
0.048699
0.048628
0.048635
0.048633
0.048633
0.048633
0.048633
3556.9
3559.7
3564
0.049051
0.048662
0.048613
0.048629
0.048629
0.048629
0.048629
0.048629
3559.9
3560
0.04882
0.048711
0.048661
0.048723
0.048723
0.048723
0.048723
0.048723
0.048723
3548.9
3548.9
0.04916
0.048859
0.048682
0.048682
0.048682
0.048682
0.048682
0.048682
0.048682
3548.8
3553.7
0.049248
0.049191
0.049191
0.049191
0.049191
0.049191
0.049191
0.049191
0.049191
3542.3
3559.6
0.049465
0.049465
0.049465
0.049465
0.049465
0.049465
0.049465
0.049465
0.049465
3549.9
3557.8
3557.8
3557.8
3557.8
3557.8
3557.8
3557.8
3557.8
3557.8
3557.8
3541.4
3576
3567
3564.6
3569.3
0.048915
0.048609
0.048632
0.048598
0.048496
0.048482
0.048482
3567.9
3571.4
3571.8
3566.9
0.048785
0.048612
0.048633
0.048635
0.048573
0.048573
0.048573
3569.9
3563.9
3565.7
3520.1
0.048771
0.048664
0.048632
0.048636
0.048636
0.048636
0.048636
3562.7
3565.4
3566.3
0.04935
0.048809
0.048667
0.048617
0.048617
0.048617
0.048617
0.048617
3556
3558.2
3567.6
0.048878
0.048806
0.048662
0.048662
0.048662
0.048662
0.048662
0.048662
3560.9
3559.8
3559.8
0.048973
0.049013
0.049013
0.049013
0.049013
0.049013
0.049013
0.049013
3547.8
3553.5
3560.4
0.049036
0.049036
0.049036
0.049036
0.049036
0.049036
0.049036
0.049036
3552.7
3554.8
3524.9
3524.9
3524.9
3524.9
3524.9
3524.9
3524.9
3524.9
3524.9
3543.9
3549.5
3549.5
3549.5
3549.5
3549.5
3549.5
3549.5
3549.5
3549.5
3549.5
3550.2
0.090503
0.051741
0.051744
0.051742
0.051741
0.051752
0.05174
0.05174
0.05174
0.05174
0.05174
97.379
0.051741
0.051747
0.051742
0.051742
0.051741
0.05174
0.05174
0.051751
0.051751
0.051751
70.471
0.051784
0.051736
0.051742
0.051741
0.051752
0.051741
0.05174
0.05174
0.05174
0.05174
64.03
0.05208
0.051749
0.051735
0.051742
0.051741
0.051741
0.051741
0.051741
0.051741
0.051741
63.768
0.052289
0.051785
0.051735
0.051735
0.051742
0.051742
0.051742
0.051742
0.051742
0.051742
62.758
0.052244
0.052119
0.051765
0.051747
0.051747
0.051747
0.051747
0.051747
0.051747
0.051747
62.618
0.052387
0.052355
0.051786
0.051786
0.051786
0.051786
0.051786
0.051786
0.051786
0.051786
62.299
0.052582
0.052124
0.052124
0.052124
0.052124
0.052124
0.052124
0.052124
0.052124
0.052124
62.221
0.052426
0.052426
0.052426
0.052426
0.052426
0.052426
0.052426
0.052426
0.052426
0.052426
62.388
4580.1
0.052073
0.051745
0.051742
0.051741
0.05174
0.051751
0.051751
0.051751
0.05174
0.05174
4828.9
0.051801
0.051748
0.051742
0.051742
0.051741
0.05174
0.05174
0.051751
0.051751
0.051751
192.67
0.051865
0.051748
0.051747
0.051753
0.051741
0.051752
0.05174
0.05174
0.05174
0.05174
116.76
0.052164
0.051755
0.051748
0.051746
0.051747
0.051741
0.051741
0.051741
0.051741
0.051741
84.185
0.052161
0.051785
0.051735
0.051735
0.051742
0.051742
0.051742
0.051742
0.051742
0.051742
79.005
0.052268
0.051828
0.051737
0.051734
0.051734
0.051734
0.051734
0.051734
0.051734
0.051734
76.362
0.052386
0.05209
0.051786
0.051786
0.051786
0.051786
0.051786
0.051786
0.051786
0.051786
74.286
0.05239
0.052128
0.052128
0.052128
0.052128
0.052128
0.052128
0.052128
0.052128
0.052128
72.855
0.052439
0.052439
0.052439
0.052439
0.052439
0.052439
0.052439
0.052439
0.052439
0.052439
72.115
4580
4945.6
0.051739
0.051742
0.051752
0.051741
0.05174
0.051751
0.051751
0.051751
0.051751
4866.7
0.052531
0.051738
0.051742
0.051742
0.051741
0.051751
0.05174
0.05174
0.05174
0.05174
4836.4
0.052393
0.051737
0.051747
0.051747
0.051741
0.051752
0.051752
0.051752
0.051752
0.051752
4857.2
0.052224
0.05179
0.051748
0.051747
0.051741
0.051753
0.051753
0.051753
0.051753
0.051753
179.87
0.052324
0.051792
0.051735
0.051735
0.051743
0.051743
0.051743
0.051743
0.051743
0.051743
140.14
0.052584
0.052427
0.051737
0.051735
0.051735
0.051735
0.051735
0.051735
0.051735
0.051735
111.04
0.052386
0.052385
0.051784
0.051784
0.051784
0.051784
0.051784
0.051784
0.051784
0.051784
93.237
0.05242
0.052157
0.052157
0.052157
0.052157
0.052157
0.052157
0.052157
0.052157
0.052157
83.635
0.052504
0.052504
0.052504
0.052504
0.052504
0.052504
0.052504
0.052504
0.052504
0.052504
79.587
4580.7
4946.6
0.052468
0.051748
0.051753
0.051752
0.05174
0.051751
0.051751
0.05174
0.05174
4904.4
4917.8
0.052477
0.051748
0.051747
0.051741
0.051752
0.051751
0.05174
0.05174
0.05174
4890.2
4823
0.052379
0.051736
0.051742
0.051741
0.051753
0.051752
0.051752
0.051752
0.051752
4834.9
0.052185
0.052103
0.051736
0.051735
0.051746
0.051741
0.051741
0.051741
0.051741
0.051741
4853
0.052565
0.05242
0.051738
0.051735
0.051743
0.051743
0.051743
0.051743
0.051743
0.051743
88.746
0.052514
0.052462
0.051788
0.051735
0.051735
0.051735
0.051735
0.051735
0.051735
0.051735
174.76
0.052533
0.052246
0.051786
0.051786
0.051786
0.051786
0.051786
0.051786
0.051786
0.051786
150.28
0.052562
0.052358
0.052358
0.052358
0.052358
0.052358
0.052358
0.052358
0.052358
0.052358
125.67
0.052566
0.052566
0.052566
0.052566
0.052566
0.052566
0.052566
0.052566
0.052566
0.052566
111.55
4583.7
4947.1
4952.1
0.052145
0.051748
0.051742
0.051741
0.051751
0.05174
0.05174
0.05174
4932.3
4928.2
4756.4
0.051795
0.051748
0.051747
0.051753
0.051741
0.051741
0.051741
0.051741
4873.6
4903.7
0.052445
0.051794
0.051748
0.051742
0.051741
0.051741
0.051741
0.051741
0.051741
4857.3
4866.8
0.052584
0.052061
0.051736
0.051743
0.051741
0.051741
0.051741
0.051741
0.051741
4836.1
4844.9
0.052545
0.051791
0.051736
0.051735
0.051735
0.051735
0.051735
0.051735
0.051735
4858.5
0.052287
0.052427
0.051817
0.051765
0.051765
0.051765
0.051765
0.051765
0.051765
0.051765
4846.6
0.052545
0.052446
0.052257
0.052257
0.052257
0.052257
0.052257
0.052257
0.052257
0.052257
150.21
0.052401
0.052458
0.052458
0.052458
0.052458
0.052458
0.052458
0.052458
0.052458
0.052458
159.16
0.052397
0.052397
0.052397
0.052397
0.052397
0.052397
0.052397
0.052397
0.052397
0.052397
156.84
4582.3
4949.4
4948.2
2378.4
0.051802
0.051748
0.051742
0.051741
0.051752
0.05174
0.05174
4927.7
4935.5
4952.9
0.052424
0.051738
0.051743
0.051747
0.051753
0.051752
0.051752
0.051752
4914.6
4912.3
4855.6
0.052661
0.051802
0.051744
0.051747
0.051753
0.051753
0.051753
0.051753
4884.2
4908.3
4940.3
0.052605
0.051898
0.051736
0.051742
0.051742
0.051742
0.051742
0.051742
4868.8
4856
0.052329
0.052232
0.052065
0.051735
0.051735
0.051735
0.051735
0.051735
0.051735
4859.9
4839.6
0.052606
0.052174
0.05206
0.05206
0.05206
0.05206
0.05206
0.05206
0.05206
4848.5
1463.8
0.052605
0.052436
0.052436
0.052436
0.052436
0.052436
0.052436
0.052436
0.052436
4847.6
0.052299
0.052584
0.052584
0.052584
0.052584
0.052584
0.052584
0.052584
0.052584
0.052584
4828.2
0.052364
0.052364
0.052364
0.052364
0.052364
0.052364
0.052364
0.052364
0.052364
0.052364
172.27
0.40002
0.055049
0.054915
0.055211
0.055187
0.055373
0.055172
0.055169
0.055168
0.055167
0.055167
344.47
0.055643
0.055579
0.055351
0.055247
0.055227
0.055222
0.055217
0.055211
0.055211
0.055211
268.18
0.054812
0.055625
0.054999
0.055512
0.055378
0.054913
0.055249
0.055249
0.055249
0.055249
282.51
0.054734
0.054791
0.055019
0.055592
0.054982
0.055492
0.055492
0.055492
0.055492
0.055492
230.33
0.05491
0.054797
0.055615
0.05562
0.055006
0.055006
0.055006
0.055006
0.055006
0.055006
224.88
0.054619
0.055064
0.054799
0.055019
0.055019
0.055019
0.055019
0.055019
0.055019
0.055019
221.09
0.054699
0.05512
0.055031
0.055031
0.055031
0.055031
0.055031
0.055031
0.055031
0.055031
220.8
0.054515
0.05517
0.05517
0.05517
0.05517
0.05517
0.05517
0.05517
0.05517
0.05517
220.66
0.054583
0.054583
0.054583
0.054583
0.054583
0.054583
0.054583
0.054583
0.054583
0.054583
221.7
6104.5
0.055129
0.055366
0.055432
0.0552
0.055188
0.05518
0.055175
0.055172
0.05517
0.05517
6116.2
0.055032
0.055585
0.055401
0.05526
0.055223
0.055219
0.055215
0.05521
0.05521
0.05521
468.08
0.054788
0.055623
0.055591
0.055538
0.055393
0.0553
0.055254
0.055254
0.055254
0.055254
448.28
0.054704
0.055017
0.055621
0.055591
0.055574
0.054962
0.054962
0.054962
0.054962
0.054962
386.9
0.054965
0.05504
0.055012
0.05562
0.055594
0.055594
0.055594
0.055594
0.055594
0.055594
375.52
0.054635
0.055068
0.054797
0.055622
0.055622
0.055622
0.055622
0.055622
0.055622
0.055622
364.89
0.054549
0.054702
0.055032
0.055032
0.055032
0.055032
0.055032
0.055032
0.055032
0.055032
285.93
0.054497
0.054717
0.054717
0.054717
0.054717
0.054717
0.054717
0.054717
0.054717
0.054717
276.71
0.054603
0.054603
0.054603
0.054603
0.054603
0.054603
0.054603
0.054603
0.054603
0.054603
276.31
6119.7
6043
0.054996
0.054913
0.0552
0.055198
0.055192
0.055383
0.055183
0.055179
0.055179
6123.7
5821.3
0.055603
0.054967
0.055318
0.055239
0.055212
0.055425
0.055209
0.055209
0.055209
6123.2
0.05506
0.054799
0.055598
0.055562
0.054942
0.055327
0.055266
0.055266
0.055266
0.055266
448.49
0.054934
0.054803
0.05562
0.055598
0.055579
0.055532
0.055532
0.055532
0.055532
0.055532
466.22
0.054594
0.054789
0.05479
0.055619
0.055011
0.055011
0.055011
0.055011
0.055011
0.055011
454.19
0.054659
0.055087
0.054784
0.055618
0.055618
0.055618
0.055618
0.055618
0.055618
0.055618
446.33
0.054606
0.054669
0.054791
0.054791
0.054791
0.054791
0.054791
0.054791
0.054791
0.054791
442.73
0.05454
0.054782
0.054782
0.054782
0.054782
0.054782
0.054782
0.054782
0.054782
0.054782
438.92
0.054618
0.054618
0.054618
0.054618
0.054618
0.054618
0.054618
0.054618
0.054618
0.054618
380.62
6106.5
6137.3
5975.8
0.055503
0.054913
0.055203
0.055194
0.055395
0.055191
0.055385
0.055385
6122.4
6085.4
0.054904
0.054997
0.055465
0.054915
0.055233
0.055208
0.055204
0.055204
0.055204
6121
6083.3
0.054613
0.055614
0.055569
0.055506
0.05538
0.055292
0.055292
0.055292
0.055292
6121.5
3072.8
0.054651
0.055622
0.055615
0.054994
0.055551
0.055551
0.055551
0.055551
0.055551
6101
0.055312
0.054643
0.055024
0.055619
0.055016
0.055016
0.055016
0.055016
0.055016
0.055016
515.77
0.055215
0.054701
0.055038
0.055616
0.055616
0.055616
0.055616
0.055616
0.055616
0.055616
493.95
0.054688
0.055201
0.05506
0.05506
0.05506
0.05506
0.05506
0.05506
0.05506
0.05506
456.73
0.054557
0.055214
0.055214
0.055214
0.055214
0.055214
0.055214
0.055214
0.055214
0.055214
454.52
0.054492
0.054492
0.054492
0.054492
0.054492
0.054492
0.054492
0.054492
0.054492
0.054492
447.29
6108.2
6124.6
6047.5
0.054828
0.055476
0.055314
0.055216
0.055402
0.055396
0.055193
0.055193
6114.8
6134.2
6158.1
0.054582
0.055543
0.054944
0.055288
0.055456
0.05543
0.05543
0.05543
6131.1
6116.7
5765.4
0.055005
0.055012
0.055545
0.055464
0.054923
0.054923
0.054923
0.054923
6123.1
5987.7
0.055142
0.054787
0.055017
0.055594
0.055564
0.055564
0.055564
0.055564
0.055564
6122.2
6144.6
0.055008
0.055049
0.055623
0.055619
0.055619
0.055619
0.055619
0.055619
0.055619
6113.4
2326.9
0.054829
0.054762
0.054798
0.054798
0.054798
0.054798
0.054798
0.054798
0.054798
454.63
0.055476
0.054903
0.055077
0.055077
0.055077
0.055077
0.055077
0.055077
0.055077
0.055077
514.88
0.055308
0.054556
0.054556
0.054556
0.054556
0.054556
0.054556
0.054556
0.054556
0.054556
479.91
0.054569
0.054569
0.054569
0.054569
0.054569
0.054569
0.054569
0.054569
0.054569
0.054569
455.79
5837.3
6121.8
6120.8
3189.5
0.054559
0.055461
0.055337
0.055453
0.055195
0.055397
0.055397
6132.2
6138.3
6031.3
6155
0.055002
0.054975
0.05542
0.055296
0.055237
0.055237
0.055237
6126.5
6116.5
6119.1
0.05493
0.055605
0.055586
0.055511
0.054944
0.054944
0.054944
0.054944
6129.3
6114.9
6149.7
0.054786
0.055031
0.055016
0.054994
0.054994
0.054994
0.054994
0.054994
6119.2
6023.4
3637
0.055037
0.055037
0.05562
0.05562
0.05562
0.05562
0.05562
0.05562
6125.1
6030.9
0.055293
0.055071
0.055046
0.055046
0.055046
0.055046
0.055046
0.055046
0.055046
6104.6
6145.7
0.055413
0.055088
0.055088
0.055088
0.055088
0.055088
0.055088
0.055088
0.055088
6129.3
1749.7
0.055512
0.055512
0.055512
0.055512
0.055512
0.055512
0.055512
0.055512
0.055512
602.78
0.055625
0.055625
0.055625
0.055625
0.055625
0.055625
0.055625
0.055625
0.055625
0.055625
509.6
1.7091
0.05786
0.059486
0.057699
0.059503
0.057694
0.057692
0.059507
0.059507
0.059507
0.059507
756.9
0.058499
0.057833
0.057729
0.057714
0.059485
0.0577
0.057699
0.059496
0.059496
0.059496
805.15
0.05754
0.058499
0.058823
0.057808
0.058846
0.057724
0.057716
0.057716
0.057716
0.057716
814.66
0.058249
0.057964
0.058499
0.057939
0.058835
0.05885
0.05885
0.05885
0.05885
0.05885
812.45
0.057845
0.05761
0.057288
0.058499
0.057968
0.057968
0.057968
0.057968
0.057968
0.057968
814.14
0.057211
0.057794
0.057519
0.058286
0.058286
0.058286
0.058286
0.058286
0.058286
0.058286
817.58
0.058358
0.058227
0.057522
0.057522
0.057522
0.057522
0.057522
0.057522
0.057522
0.057522
818.06
289.44
0.05698
0.05698
0.05698
0.05698
0.05698
0.05698
0.05698
0.05698
0.05698
818.37
505.53
505.53
505.53
505.53
505.53
505.53
505.53
505.53
505.53
505.53
818.58
7552.6
0.057921
0.059461
0.059486
0.0595
0.059504
0.057693
0.057692
0.057692
0.057691
0.057691
7400.7
0.057869
0.058805
0.058839
0.059481
0.057706
0.0577
0.059489
0.059493
0.059493
0.059493
1329.7
0.05899
0.05752
0.058803
0.057827
0.058844
0.057724
0.059483
0.059483
0.059483
0.059483
1000.1
0.058336
0.057937
0.058497
0.058788
0.057856
0.057814
0.057814
0.057814
0.057814
0.057814
978.01
0.057158
0.057889
0.0573
0.058501
0.058776
0.058776
0.058776
0.058776
0.058776
0.058776
961.65
0.057797
0.057957
0.057519
0.057269
0.057269
0.057269
0.057269
0.057269
0.057269
0.057269
946.64
0.057937
0.058114
0.057884
0.057884
0.057884
0.057884
0.057884
0.057884
0.057884
0.057884
936.7
362.67
0.057998
0.057998
0.057998
0.057998
0.057998
0.057998
0.057998
0.057998
0.057998
781.73
566.69
566.69
566.69
566.69
566.69
566.69
566.69
566.69
566.69
566.69
779.81
7541.4
3941.3
0.058249
0.058809
0.059478
0.059488
0.059497
0.059503
0.059505
0.059506
0.059506
7361.1
7482.3
0.05825
0.058799
0.058838
0.05948
0.059487
0.05949
0.057695
0.057695
0.057695
7423.1
1041.6
0.05783
0.057404
0.057841
0.05778
0.058844
0.059481
0.059481
0.059481
0.059481
2117.9
0.059146
0.057973
0.057251
0.057399
0.058813
0.057829
0.057829
0.057829
0.057829
0.057829
1326.5
0.058262
0.058556
0.057369
0.057506
0.058758
0.058758
0.058758
0.058758
0.058758
0.058758
1088.5
0.056656
0.058064
0.057908
0.057992
0.057992
0.057992
0.057992
0.057992
0.057992
0.057992
994.08
0.058809
0.058818
0.057935
0.057935
0.057935
0.057935
0.057935
0.057935
0.057935
0.057935
963.3
498.07
0.057744
0.057744
0.057744
0.057744
0.057744
0.057744
0.057744
0.057744
0.057744
974.72
683.85
683.85
683.85
683.85
683.85
683.85
683.85
683.85
683.85
683.85
975.77
7544
7356.1
3914.9
0.057579
0.057776
0.057721
0.059482
0.0577
0.057694
0.05769
0.05769
7368.8
7407.8
0.059536
0.057632
0.057846
0.05883
0.059474
0.059482
0.057706
0.057706
0.057706
7365.9
7400.4
0.057121
0.058245
0.058721
0.058806
0.058835
0.058846
0.058846
0.058846
0.058846
7428.5
7316.2
0.059801
0.057827
0.05849
0.058764
0.058809
0.058809
0.058809
0.058809
0.058809
3134.5
1404.5
0.058267
0.058156
0.057284
0.057422
0.057422
0.057422
0.057422
0.057422
0.057422
1877
0.057555
0.059741
0.05854
0.057367
0.057367
0.057367
0.057367
0.057367
0.057367
0.057367
1325.3
0.059754
0.059176
0.058974
0.058974
0.058974
0.058974
0.058974
0.058974
0.058974
0.058974
1316.8
812.67
0.058777
0.058777
0.058777
0.058777
0.058777
0.058777
0.058777
0.058777
0.058777
1064
883.49
883.49
883.49
883.49
883.49
883.49
883.49
883.49
883.49
883.49
997.16
7535.7
7345.2
3941.5
4764.9
0.058465
0.058773
0.058819
0.059471
0.05771
0.057701
0.057701
7362
7336.3
4795.5
0.058857
0.05847
0.058767
0.058821
0.05772
0.057714
0.057714
0.057714
7368.5
7364.8
7484.2
0.058658
0.057701
0.057401
0.058804
0.057758
0.057758
0.057758
0.057758
7374.1
7359.3
3770.9
0.056652
0.057833
0.057435
0.058773
0.058773
0.058773
0.058773
0.058773
7433.4
7420.9
1043
0.059154
0.057929
0.057564
0.057564
0.057564
0.057564
0.057564
0.057564
2258.3
3869.8
0.058842
0.058565
0.057962
0.057962
0.057962
0.057962
0.057962
0.057962
0.057962
2124.2
0.057579
0.058428
0.058614
0.058614
0.058614
0.058614
0.058614
0.058614
0.058614
0.058614
1886.7
815.57
0.058152
0.058152
0.058152
0.058152
0.058152
0.058152
0.058152
0.058152
0.058152
1324.8
1115.9
1115.9
1115.9
1115.9
1115.9
1115.9
1115.9
1115.9
1115.9
1115.9
1317.9
7539.2
7338.8
7343.4
3937.1
0.058909
0.058465
0.058754
0.05881
0.057725
0.059475
0.059475
7374.1
7363.8
6840.6
5188.2
0.058811
0.057574
0.058738
0.057776
0.058829
0.058829
0.058829
7369.8
7312.1
7464.1
5764.3
0.058324
0.057651
0.058714
0.05783
0.05783
0.05783
0.05783
7370.1
7356.1
7414.3
0.057982
0.058792
0.05826
0.058503
0.058503
0.058503
0.058503
0.058503
7364.5
7345.4
7433.7
0.058629
0.056448
0.057853
0.057853
0.057853
0.057853
0.057853
0.057853
7430.6
7368.5
3236.4
0.058498
0.058263
0.058263
0.058263
0.058263
0.058263
0.058263
0.058263
1963.9
7371.7
1612.8
0.058612
0.058612
0.058612
0.058612
0.058612
0.058612
0.058612
0.058612
2145.3
0.058859
0.058544
0.058544
0.058544
0.058544
0.058544
0.058544
0.058544
0.058544
0.058544
2064.9
1475.3
1475.3
1475.3
1475.3
1475.3
1475.3
1475.3
1475.3
1475.3
1475.3
1950
7.1688
0.064324
0.063121
0.06421
0.063079
0.064197
0.063075
0.063075
0.064193
0.063074
0.063074
2181.6
0.063161
0.063699
0.062593
0.064244
0.064232
0.064191
0.063088
0.064204
0.064204
0.064204
2160.6
0.064045
0.063176
0.063278
0.062075
0.063844
0.063859
0.062566
0.062566
0.062566
0.062566
2156
0.062685
0.063905
0.062309
0.063271
0.063308
0.063703
0.063703
0.063703
0.063703
0.063703
2155.4
141
0.064044
0.062505
0.06318
0.06323
0.06323
0.06323
0.06323
0.06323
0.06323
2153.6
0.062596
0.063184
0.063926
0.062554
0.062554
0.062554
0.062554
0.062554
0.062554
0.062554
2153.2
0.063916
0.062687
0.062587
0.062587
0.062587
0.062587
0.062587
0.062587
0.062587
0.062587
2152.9
1420.2
0.06219
0.06219
0.06219
0.06219
0.06219
0.06219
0.06219
0.06219
0.06219
2154.1
1815.2
1815.2
1815.2
1815.2
1815.2
1815.2
1815.2
1815.2
1815.2
1815.2
2154
9126
0.066059
0.064176
0.064216
0.063131
0.064227
0.064217
0.064211
0.064206
0.063084
0.063084
5236.1
0.064513
0.063241
0.062499
0.062552
0.064245
0.063091
0.064202
0.0631
0.0631
0.0631
3920.1
0.063692
0.063677
0.063248
0.063332
0.062467
0.0626
0.062569
0.062569
0.062569
0.062569
3049.4
125.69
0.063997
0.062643
0.062349
0.062076
0.062075
0.062075
0.062075
0.062075
0.062075
2375.3
139.12
0.062532
0.062476
0.063466
0.062343
0.062343
0.062343
0.062343
0.062343
0.062343
2460.7
113.32
0.063037
0.062472
0.063675
0.063675
0.063675
0.063675
0.063675
0.063675
0.063675
2469.9
0.063899
88.09
0.062855
0.062855
0.062855
0.062855
0.062855
0.062855
0.062855
0.062855
2473.7
1507.5
106.16
106.16
106.16
106.16
106.16
106.16
106.16
106.16
106.16
2348.2
1890.8
1890.8
1890.8
1890.8
1890.8
1890.8
1890.8
1890.8
1890.8
1890.8
2276.8
8989.6
4895.5
0.066112
0.063369
0.064167
0.063147
0.063141
0.063134
0.063127
0.064226
0.064226
8644.6
5994.5
0.065115
0.06323
0.06212
0.062525
0.062497
0.064231
0.06421
0.06421
0.06421
5351.4
8750.5
0.063873
0.063715
0.062029
0.06207
0.062498
0.062567
0.062567
0.062567
0.062567
4141
3571.9
0.063796
0.063967
0.06351
0.06325
0.063294
0.063294
0.063294
0.063294
0.063294
3911.9
1388.9
0.062289
0.062462
0.062512
0.062311
0.062311
0.062311
0.062311
0.062311
0.062311
3044
499.2
91.224
0.062871
0.063079
0.063079
0.063079
0.063079
0.063079
0.063079
0.063079
3047.8
0.063923
127.47
0.062382
0.062382
0.062382
0.062382
0.062382
0.062382
0.062382
0.062382
2932.8
1503.2
134.89
134.89
134.89
134.89
134.89
134.89
134.89
134.89
134.89
2375.1
1887.6
1887.6
1887.6
1887.6
1887.6
1887.6
1887.6
1887.6
1887.6
1887.6
2299.4
8959.1
8667.3
4807.3
0.065901
0.062015
0.063732
0.064165
0.06314
0.06315
0.063141
0.063141
8644.3
8739.9
5290
0.064186
0.063198
0.062058
0.063761
0.063813
0.06421
0.06421
0.06421
8611.7
8669.7
5837.2
0.064416
0.063723
0.062339
0.062071
0.063767
0.063767
0.063767
0.063767
5359.2
8657.5
4198.4
0.063877
0.062484
0.062289
0.062028
0.062028
0.062028
0.062028
0.062028
4174.5
8691.5
2385.8
0.063463
0.064042
0.063707
0.063707
0.063707
0.063707
0.063707
0.063707
3112.1
2600.2
1521.4
0.063699
0.06248
0.06248
0.06248
0.06248
0.06248
0.06248
0.06248
3907.7
423.4
725
0.063714
0.063714
0.063714
0.063714
0.063714
0.063714
0.063714
0.063714
3044.1
2049
578
578
578
578
578
578
578
578
578
3046.7
2256.3
2256.3
2256.3
2256.3
2256.3
2256.3
2256.3
2256.3
2256.3
2256.3
3047.5
8958.8
8620.1
4896.7
4771.8
0.0659
0.061967
0.063366
0.062448
0.062452
0.063138
0.063138
8645.1
8658.5
4917.3
5305.7
0.064151
0.06228
0.062039
0.063444
0.063771
0.063771
0.063771
8646.2
8694.2
6008.6
5679.4
0.064264
0.062516
0.063229
0.063302
0.063302
0.063302
0.063302
8606.8
8660
8753.4
3935.7
0.063505
0.064109
0.062278
0.062278
0.062278
0.062278
0.062278
5352.8
8646
8753.3
2712.1
0.063879
0.064083
0.064083
0.064083
0.064083
0.064083
0.064083
4174.4
8662.8
5407.8
1944.9
0.064582
0.064582
0.064582
0.064582
0.064582
0.064582
0.064582
4137.9
4233.3
3688.8
1164.9
1164.9
1164.9
1164.9
1164.9
1164.9
1164.9
1164.9
4105.6
2190.1
2343
2343
2343
2343
2343
2343
2343
2343
2343
3907
2385.9
2385.9
2385.9
2385.9
2385.9
2385.9
2385.9
2385.9
2385.9
2385.9
3874
8958.7
8637.9
5680.4
4866.3
4733.5
0.066106
0.062282
0.062036
0.063412
0.06247
0.06247
8642.9
8620.2
5230.9
4834.4
5264.2
0.065774
0.062264
0.063205
0.062066
0.062066
0.062066
8643.2
8666
8751.1
5420
5100.2
0.065805
0.063753
0.063206
0.063206
0.063206
0.063206
8621.8
8683
8742.9
6228.7
3843.7
0.065127
0.064155
0.064155
0.064155
0.064155
0.064155
8649.6
8670.9
8708.7
6512.4
2129.1
0.063569
0.063569
0.063569
0.063569
0.063569
0.063569
5363.3
8651.3
8690.9
5340.6
1601.5
1601.5
1601.5
1601.5
1601.5
1601.5
1601.5
4179.6
8649.8
8711.2
3837.6
3837.6
3837.6
3837.6
3837.6
3837.6
3837.6
3837.6
4159.3
5544.7
6636.8
6636.8
6636.8
6636.8
6636.8
6636.8
6636.8
6636.8
6636.8
3694.4
2668.9
2668.9
2668.9
2668.9
2668.9
2668.9
2668.9
2668.9
2668.9
2668.9
4026.3
7.19
0.067308
0.071427
0.071413
0.071411
0.071409
0.071409
0.071409
0.071409
0.071409
0.071409
5009.4
0.070005
0.068242
0.071256
0.071293
0.07133
0.071359
0.067345
0.067342
0.067342
0.067342
5009.6
163.91
0.071578
0.071271
0.068245
0.071182
0.067966
0.07128
0.07128
0.07128
0.07128
5009.9
667.06
0.071252
0.070013
0.071173
0.071384
0.068246
0.068246
0.068246
0.068246
0.068246
5010
3614.6
163.45
0.071549
0.071581
0.072006
0.072006
0.072006
0.072006
0.072006
0.072006
5016.2
4414.3
588.67
0.070865
0.071892
0.071892
0.071892
0.071892
0.071892
0.071892
0.071892
5016.3
4392.9
667.14
97.232
97.232
97.232
97.232
97.232
97.232
97.232
97.232
5016.3
4562.5
751.53
751.53
751.53
751.53
751.53
751.53
751.53
751.53
751.53
5010.1
5019.4
5019.4
5019.4
5019.4
5019.4
5019.4
5019.4
5019.4
5019.4
5019.4
5016.3
10537
5532.3
0.067499
0.071353
0.071304
0.071288
0.071308
0.071325
0.071335
0.07135
0.07135
7569.2
5449.5
0.071237
0.071176
0.071293
0.071323
0.07135
0.071368
0.071377
0.071377
0.071377
10056
4613.9
0.069111
0.071229
0.071486
0.06821
0.067999
0.067777
0.067777
0.067777
0.067777
8071.6
3037.7
1557.9
0.07189
0.069065
0.071328
0.070891
0.070891
0.070891
0.070891
0.070891
6746.1
4293.7
2243
0.070509
0.069981
0.069671
0.069671
0.069671
0.069671
0.069671
0.069671
6560.2
4588.4
1898.6
766.72
0.069233
0.069233
0.069233
0.069233
0.069233
0.069233
0.069233
5636.6
4692.5
1797.1
1103.3
1103.3
1103.3
1103.3
1103.3
1103.3
1103.3
1103.3
5493.8
5023.4
1188.4
1188.4
1188.4
1188.4
1188.4
1188.4
1188.4
1188.4
1188.4
5478.8
5075
5075
5075
5075
5075
5075
5075
5075
5075
5075
5474.4
10541
6054.4
5535.6
0.068215
0.071353
0.071374
0.071346
0.067308
0.0713
0.071291
0.071291
10017
6343.8
5554.3
0.072912
0.071028
0.071274
0.06756
0.067462
0.067374
0.067374
0.067374
7559.2
8279.9
5707.5
0.070444
0.068885
0.06826
0.071173
0.071266
0.071266
0.071266
0.071266
10054
7881.3
5284.3
0.068213
0.069151
0.071245
0.068524
0.068524
0.068524
0.068524
0.068524
10055
4702.4
4619.4
2517.7
0.071287
0.071422
0.071422
0.071422
0.071422
0.071422
0.071422
9037.6
5416
3801.1
2989.9
0.068731
0.068731
0.068731
0.068731
0.068731
0.068731
0.068731
8071.4
5619.5
3033.3
2951.2
2951.2
2951.2
2951.2
2951.2
2951.2
2951.2
2951.2
8307.2
5791.8
2454.1
2454.1
2454.1
2454.1
2454.1
2454.1
2454.1
2454.1
2454.1
6746.1
5736
5736
5736
5736
5736
5736
5736
5736
5736
5736
6689.7
10546
7591.5
6120.7
5537.8
0.071248
0.071239
0.067504
0.071373
0.071368
0.067308
0.067308
9890.8
7356.4
5783.4
5885.7
0.07196
0.071515
0.068041
0.071296
0.071329
0.071329
0.071329
8246.6
10014
6517.5
5432.9
0.06877
0.071232
0.068534
0.068077
0.068077
0.068077
0.068077
7557.2
9970.9
6942.3
5723.4
0.068724
0.071589
0.068885
0.068885
0.068885
0.068885
0.068885
10036
7592.2
6941.1
5345.2
2487.3
0.068971
0.068971
0.068971
0.068971
0.068971
0.068971
10088
7395.1
6417
5216.1
3376.5
3376.5
3376.5
3376.5
3376.5
3376.5
3376.5
10058
7586.6
5270.4
4618.3
4618.3
4618.3
4618.3
4618.3
4618.3
4618.3
4618.3
9058
7693.1
3813.8
3813.8
3813.8
3813.8
3813.8
3813.8
3813.8
3813.8
3813.8
8964.3
7073.4
7073.4
7073.4
7073.4
7073.4
7073.4
7073.4
7073.4
7073.4
7073.4
8073.6
10542
9944.6
6054.3
5741.3
5537.4
0.069177
0.068217
0.067792
0.071351
0.067351
0.067351
9882.7
10025
5692.6
5735.3
5911.2
0.068635
0.068881
0.068202
0.071252
0.071252
0.071252
10015
10040
6346.3
6156.2
5565.9
0.06896
0.072913
0.071424
0.071424
0.071424
0.071424
7400.6
10001
7342.5
6473.5
5492.5
0.068869
0.071886
0.071886
0.071886
0.071886
0.071886
7556.6
9967.2
8274.9
6625.9
5672
2699.5
2699.5
2699.5
2699.5
2699.5
2699.5
10066
5790.7
10040
6287.2
5374.1
5374.1
5374.1
5374.1
5374.1
5374.1
5374.1
10054
10010
7774.4
6267.5
6267.5
6267.5
6267.5
6267.5
6267.5
6267.5
6267.5
10086
10045
6000.5
6000.5
6000.5
6000.5
6000.5
6000.5
6000.5
6000.5
6000.5
10058
9040.9
9040.9
9040.9
9040.9
9040.9
9040.9
9040.9
9040.9
9040.9
9040.9
10079
10546
9892.3
6085
6084.2
5611.2
5536.1
0.070492
0.0714
0.068048
0.071297
0.071297
9883
9937.8
5730.6
5665.4
5712.2
5913.3
0.069684
0.068752
0.068496
0.068496
0.068496
9882.7
10001
6271.4
5937.2
5984.8
5938.9
0.068731
0.0715
0.0715
0.0715
0.0715
10056
10015
7817.3
6230.5
6416.1
5408.1
2671.8
2671.8
2671.8
2671.8
2671.8
6871.4
10007
10029
6877
6699.6
5629.7
5629.7
5629.7
5629.7
5629.7
5629.7
7543.3
5396.3
9988.7
7536.4
6489.6
6489.6
6489.6
6489.6
6489.6
6489.6
6489.6
9869.9
6379.5
9980.1
7384.2
7384.2
7384.2
7384.2
7384.2
7384.2
7384.2
7384.2
10044
10048
9979.9
9979.9
9979.9
9979.9
9979.9
9979.9
9979.9
9979.9
9979.9
10076
10063
10063
10063
10063
10063
10063
10063
10063
10063
10063
10078
9.1082
0.080002
0.080571
0.079941
0.080561
0.079947
0.080562
0.079948
0.080563
0.079949
0.079949
2040.3
0.080539
0.079964
0.080143
0.08029
0.080348
0.080378
0.080398
0.080411
0.080411
0.080411
2040.5
4221.8
0.075484
0.074786
0.079949
0.080018
0.080131
0.080236
0.080236
0.080236
0.080236
2041.4
9761.4
0.077528
0.080545
0.074786
0.074786
0.079962
0.079962
0.079962
0.079962
0.079962
2041.7
8720.7
4473.4
0.079829
0.075485
0.080592
0.080592
0.080592
0.080592
0.080592
0.080592
2047.9
1706.7
8260.5
3653.6
0.077102
0.077102
0.077102
0.077102
0.077102
0.077102
0.077102
2048
1678.1
9629.7
4067
4067
4067
4067
4067
4067
4067
4067
2048
1700.3
10744
10744
10744
10744
10744
10744
10744
10744
10744
2042.1
1717.8
1717.8
1717.8
1717.8
1717.8
1717.8
1717.8
1717.8
1717.8
1717.8
2048.1
12334
6559.6
0.079787
0.080364
0.08041
0.080422
0.080435
0.080449
0.08046
0.080467
0.080467
11304
5868.9
0.079945
0.080104
0.080194
0.080287
0.080342
0.080374
0.080397
0.080397
0.080397
10883
5439.2
5067.6
0.074786
0.074786
0.080168
0.080198
0.080235
0.080235
0.080235
0.080235
7789.3
10274
1998.7
0.076404
0.074819
0.080594
0.080118
0.080118
0.080118
0.080118
0.080118
6058.7
10665
4733.7
4362.3
0.07661
0.081335
0.081335
0.081335
0.081335
0.081335
0.081335
3122.9
5863.2
8839.5
2387.3
0.074875
0.074875
0.074875
0.074875
0.074875
0.074875
0.074875
2601
2534
9785
4017.6
4017.6
4017.6
4017.6
4017.6
4017.6
4017.6
4017.6
2305.7
2393
10605
10605
10605
10605
10605
10605
10605
10605
10605
2233.5
2243.5
2243.5
2243.5
2243.5
2243.5
2243.5
2243.5
2243.5
2243.5
2243.5
2198.4
12440
6942.9
6567.3
0.079331
0.079969
0.080187
0.080354
0.080396
0.080409
0.080416
0.080416
9661.7
6773.5
6476
0.076498
0.078782
0.079939
0.080118
0.080257
0.080337
0.080337
0.080337
10994
6797.7
5870.1
5200.1
0.079958
0.074786
0.080109
0.080106
0.080106
0.080106
0.080106
11447
11447
4620
6800.5
0.075123
0.074786
0.080681
0.080681
0.080681
0.080681
0.080681
10893
11491
5477.3
3859.8
5067.8
0.079553
0.079553
0.079553
0.079553
0.079553
0.079553
8357.2
11643
9601.3
1659.8
6214.9
6214.9
6214.9
6214.9
6214.9
6214.9
6214.9
7704.8
10730
10377
4222.5
4222.5
4222.5
4222.5
4222.5
4222.5
4222.5
4222.5
6341.7
7589.8
10897
10897
10897
10897
10897
10897
10897
10897
10897
6060.7
6431
6431
6431
6431
6431
6431
6431
6431
6431
6431
3324.3
12325
6945.8
6932.1
6559.3
5038.3
0.079928
0.079979
0.080086
0.080272
0.080365
0.080365
11364
7590.8
6606.3
6441.1
5332
0.079134
0.080516
0.079873
0.080047
0.080047
0.080047
8558.8
6923.4
6724
6589
5605.6
0.078862
0.074786
0.080244
0.080244
0.080244
0.080244
10983
7886.7
6095.1
5870.8
6490.9
0.074792
0.07996
0.07996
0.07996
0.07996
0.07996
11449
11448
6473.8
5174.8
5915.1
4996.3
4996.3
4996.3
4996.3
4996.3
4996.3
11443
11444
11071
3666.7
4330.5
4330.5
4330.5
4330.5
4330.5
4330.5
4330.5
10894
11450
11118
4805.2
4805.2
4805.2
4805.2
4805.2
4805.2
4805.2
4805.2
8772.3
9256.4
11227
11227
11227
11227
11227
11227
11227
11227
11227
8176.5
8276.4
8276.4
8276.4
8276.4
8276.4
8276.4
8276.4
8276.4
8276.4
8276.4
7706.6
12312
9816.5
6942.7
6932.3
6566.9
5676.8
0.078878
0.080977
0.079983
0.079988
0.079988
11318
11392
6710.1
6554.7
6472.4
5700.9
0.077726
0.079485
0.080287
0.080287
0.080287
9948
6902
6783.3
6623.5
6492.5
5996
0.076511
0.074786
0.074786
0.074786
0.074786
8380.4
8681
7159.3
6708.8
6650.3
6486.5
3687.4
3687.4
3687.4
3687.4
3687.4
10972
9665.6
6793.5
5864.9
5788.1
6928
6928
6928
6928
6928
6928
11451
11450
11459
5768.4
5402.7
5402.7
5402.7
5402.7
5402.7
5402.7
5402.7
11447
11446
11444
6107.2
6107.2
6107.2
6107.2
6107.2
6107.2
6107.2
6107.2
11441
11449
11452
11452
11452
11452
11452
11452
11452
11452
11452
10895
10942
10942
10942
10942
10942
10942
10942
10942
10942
10942
9384.8
12341
11316
6939.9
6934.4
6934.3
6566.9
6108.7
4117.3
0.080044
0.08102
0.08102
11282
11328
6647.9
6979.7
6539.6
6539.2
5929.1
4043
0.079253
0.079253
0.079253
10223
6768.3
6879.7
6604.8
6570.9
6441.8
6132.2
4777.6
4777.6
4777.6
4777.6
9193.8
8185
7398.9
6722.7
6612.5
6553.9
6379.3
6379.3
6379.3
6379.3
6379.3
8369.4
9136.2
6782
6940.3
6749.6
6659.2
6659.2
6659.2
6659.2
6659.2
6659.2
10952
11443
8072.6
7681.9
5894.3
5894.3
5894.3
5894.3
5894.3
5894.3
5894.3
11451
11450
11448
6179.7
6179.7
6179.7
6179.7
6179.7
6179.7
6179.7
6179.7
11449
11444
11445
11445
11445
11445
11445
11445
11445
11445
11445
11446
11445
11445
11445
11445
11445
11445
11445
11445
11445
11445
11448
10.292
0.092455
0.092307
0.084133
0.092276
0.084133
0.092273
0.092273
0.084133
0.092272
0.092272
2971.5
0.085614
0.084134
0.08999
0.089534
0.084134
0.084134
0.093012
0.092909
0.092909
0.092909
2971
1118.2
0.085635
0.084134
0.084134
0.084134
0.084134
0.084134
0.084134
0.084134
0.084134
2971.1
2492.7
307.03
0.085597
0.091569
0.084134
0.084134
0.084134
0.084134
0.084134
0.084134
2971.8
2580.3
1118.9
0.085759
0.085625
0.089301
0.089301
0.089301
0.089301
0.089301
0.089301
2971.2
2624.9
2416.7
420.71
0.084743
0.084743
0.084743
0.084743
0.084743
0.084743
0.084743
2971.8
2659.5
2494.2
1104.5
1104.5
1104.5
1104.5
1104.5
1104.5
1104.5
1104.5
2971.2
3086.6
2545.5
2545.5
2545.5
2545.5
2545.5
2545.5
2545.5
2545.5
2545.5
2971.8
3079.6
3079.6
3079.6
3079.6
3079.6
3079.6
3079.6
3079.6
3079.6
3079.6
2971.8
14111
7792.1
0.089918
0.084134
0.092285
0.084134
0.084133
0.084133
0.092158
0.092149
0.092149
12859
7591.3
0.087513
0.084134
0.089113
0.084134
0.092854
0.084134
0.092772
0.092772
0.092772
6941.4
5549.5
3151.2
0.084134
0.090341
0.084134
0.08998
0.089746
0.089746
0.089746
0.089746
4935.3
4039.4
3744.6
170.72
0.088417
0.084134
0.090403
0.090403
0.090403
0.090403
0.090403
4125.3
3662
2883.2
764.09
0.085378
1115.3
1115.3
1115.3
1115.3
1115.3
1115.3
3903.7
3472.3
2802.8
1900
374.02
374.02
374.02
374.02
374.02
374.02
374.02
3565.1
3364.4
2839.4
2402.7
2402.7
2402.7
2402.7
2402.7
2402.7
2402.7
2402.7
3383.4
3289.8
2824.9
2824.9
2824.9
2824.9
2824.9
2824.9
2824.9
2824.9
2824.9
3224.3
3246.8
3246.8
3246.8
3246.8
3246.8
3246.8
3246.8
3246.8
3246.8
3246.8
3193.8
14113
7800
7790.3
4330.3
0.089947
0.084134
0.084134
0.092324
0.092287
0.092231
0.092231
12868
9029.2
6787.4
5052.3
0.084133
0.089381
0.088555
0.092111
0.092472
0.092472
0.092472
12861
10072
7590.9
4810
0.087484
0.090603
0.084134
0.089472
0.089472
0.089472
0.089472
10250
7800
6467
4657.8
0.086517
0.087807
0.090422
0.090422
0.090422
0.090422
0.090422
6964.6
5873.7
5547.7
4560.1
3150.2
965.38
965.38
965.38
965.38
965.38
965.38
5741.4
5077.1
4626.2
4440.5
3627.4
3627.4
3627.4
3627.4
3627.4
3627.4
3627.4
4935.3
4709.1
4043.4
3757.3
3757.3
3757.3
3757.3
3757.3
3757.3
3757.3
3757.3
4444.9
4123.6
3875.4
3875.4
3875.4
3875.4
3875.4
3875.4
3875.4
3875.4
3875.4
4125.3
3979
3979
3979
3979
3979
3979
3979
3979
3979
3979
4051.4
14112
9593.6
7818.2
7790.1
5701.6
0.087482
0.089957
0.091134
0.091732
0.092114
0.092114
12804
9519
7594.6
7098.8
5799.9
0.086631
0.084134
0.089267
0.091258
0.091258
0.091258
12870
11139
8883.9
6599.6
5857.1
2767.6
0.084132
0.084134
0.084134
0.084134
0.084134
12859
11370
9034.2
7596.1
5382.5
4198.4
0.087478
0.087478
0.087478
0.087478
0.087478
10641
9050.4
7860.1
6676.1
5434.8
3421.9
3421.9
3421.9
3421.9
3421.9
3421.9
9199.3
7833.9
6738.3
5840.8
5186.9
5186.9
5186.9
5186.9
5186.9
5186.9
5186.9
6940.7
6522.6
5744.8
5547.8
5547.8
5547.8
5547.8
5547.8
5547.8
5547.8
5547.8
6030.4
5561.3
5169.7
5169.7
5169.7
5169.7
5169.7
5169.7
5169.7
5169.7
5169.7
5391.9
4916.2
4916.2
4916.2
4916.2
4916.2
4916.2
4916.2
4916.2
4916.2
4916.2
4934.1
14112
12850
7771.4
7822.9
7790.2
5966.3
4349.2
0.084117
0.08996
0.091137
0.091137
12861
10002
8146
7580.2
7249.8
5945.1
4712.9
0.088942
0.084134
0.084134
0.084134
12859
10308
9012.3
7508.5
6791.8
6135
5056.7
0.087108
0.087108
0.087108
0.087108
12872
12743
10257
9111.4
7348.5
5702
5314.8
5314.8
5314.8
5314.8
5314.8
12862
11523
10072
8798.9
7596.9
5502.7
5502.7
5502.7
5502.7
5502.7
5502.7
11202
10426
9013.5
7978.4
6759.5
6759.5
6759.5
6759.5
6759.5
6759.5
6759.5
10256
8837.3
7800.2
7187.7
7187.7
7187.7
7187.7
7187.7
7187.7
7187.7
7187.7
7972.2
7640
6847.9
6847.9
6847.9
6847.9
6847.9
6847.9
6847.9
6847.9
6847.9
6941.2
6549
6549
6549
6549
6549
6549
6549
6549
6549
6549
6636.7
14111
12864
9023.4
7826.2
7824.9
7790
6289.8
5088.6
0.086983
0.084129
0.084129
12870
10267
8882.5
7831.2
7797.2
7268.4
6100.2
5455.5
0.086302
0.086302
0.086302
12828
10303
9360.2
8075.9
7522.2
7023.3
6171.5
5706.7
5706.7
5706.7
5706.7
12862
12719
10209
8845.2
8037.6
6631.1
6189.8
6189.8
6189.8
6189.8
6189.8
12868
12851
11055
10001
9252.2
7212
7212
7212
7212
7212
7212
12860
12178
10951
9800.3
8724.7
8724.7
8724.7
8724.7
8724.7
8724.7
8724.7
11289
10637
9938.3
8919.1
8919.1
8919.1
8919.1
8919.1
8919.1
8919.1
8919.1
10421
9315.9
8702.3
8702.3
8702.3
8702.3
8702.3
8702.3
8702.3
8702.3
8702.3
10228
8785.3
8785.3
8785.3
8785.3
8785.3
8785.3
8785.3
8785.3
8785.3
8785.3
7724.2
12.624
0.10599
0.106
0.10601
0.096136
0.10601
0.096136
0.096136
0.10601
0.096136
0.096136
4641.9
0.095588
0.10349
0.099273
0.098264
0.10273
0.099673
0.096504
0.10504
0.10504
0.10504
4641.9
3648.6
0.095591
0.10342
0.1035
0.1035
0.10234
0.1009
0.1009
0.1009
0.1009
4640.8
4408.3
1503
0.095555
0.10299
0.10348
0.1035
0.1035
0.1035
0.1035
0.1035
4640.7
4474.7
3648.5
903.67
0.095557
0.10016
0.10016
0.10016
0.10016
0.10016
0.10016
4640.7
4506.7
3818.2
3422.3
780.65
780.65
780.65
780.65
780.65
780.65
780.65
4640.7
4517.4
4408.3
3648.4
3648.4
3648.4
3648.4
3648.4
3648.4
3648.4
3648.4
4642
4530.5
4442.5
4442.5
4442.5
4442.5
4442.5
4442.5
4442.5
4442.5
4442.5
4640.7
4542.5
4542.5
4542.5
4542.5
4542.5
4542.5
4542.5
4542.5
4542.5
4542.5
4640.7
15496
8628
4727.5
0.10598
0.10592
0.096134
0.10586
0.10589
0.10593
0.096137
0.096137
12938
7059
0.10342
1560.6
0.10042
0.10074
0.1053
0.10583
0.10568
0.10568
0.10568
7100.8
5471.9
3659.7
0.10304
0.10349
0.10349
12.443
0.10153
0.10153
0.10153
0.10153
5710.1
5085
3807.6
925.52
0.10142
0.10347
0.1035
0.1035
0.1035
0.1035
0.1035
5502.9
4858.3
3980.4
1944.1
738.57
0.099374
0.099374
0.099374
0.099374
0.099374
0.099374
5184.2
4807.3
4443.6
3557.9
929.47
929.47
929.47
929.47
929.47
929.47
929.47
5019.2
4682.5
4454.3
3788
3788
3788
3788
3788
3788
3788
3788
4995.1
4673
4463.3
4463.3
4463.3
4463.3
4463.3
4463.3
4463.3
4463.3
4463.3
4983.7
4684.3
4684.3
4684.3
4684.3
4684.3
4684.3
4684.3
4684.3
4684.3
4684.3
4951.7
15498
10977
8627.5
5780.3
4726.9
0.10464
0.10598
0.10599
0.096126
0.10586
0.10586
14102
12449
6731.7
5006.4
4607.3
3858.6
0.10173
0.10478
0.10572
0.10572
0.10572
12945
10187
7058.5
4528.5
0.10342
0.10345
2092.9
0.094884
0.094884
0.094884
0.094884
9414.2
7984.3
6004.8
4990.6
2915.9
0.10338
0.10348
0.10348
0.10348
0.10348
0.10348
7100
6331.8
5471.2
4324.9
3669.4
181.82
181.82
181.82
181.82
181.82
181.82
6291.1
6044.1
5234.2
4367
3956.5
3956.5
3956.5
3956.5
3956.5
3956.5
3956.5
5709.3
5462.6
5078.4
4437.3
4437.3
4437.3
4437.3
4437.3
4437.3
4437.3
4437.3
5599.2
5383.6
4909.1
4909.1
4909.1
4909.1
4909.1
4909.1
4909.1
4909.1
4909.1
5502.9
5323.3
5323.3
5323.3
5323.3
5323.3
5323.3
5323.3
5323.3
5323.3
5323.3
5304.2
15499
14112
9921.8
8627.5
6411.6
5865
4734.5
0.10316
0.10484
0.10598
0.10598
14162
14117
11749
5819.5
5913.4
5498.1
5113.2
0.27679
0.10314
0.10314
0.10314
14206
13059
11215
8229.7
5889.6
5246.3
3230.7
4112.1
4112.1
4112.1
4112.1
12945
10924
9218.2
7058.3
5647.7
3378.6
0.10338
0.10338
0.10338
0.10338
0.10338
10410
9208.8
7911.9
6894.4
5606.6
3885
3885
3885
3885
3885
3885
8255.8
7964.4
7002.2
5919.9
4926.1
4926.1
4926.1
4926.1
4926.1
4926.1
4926.1
7099.9
6860.8
6093.2
5447.1
5447.1
5447.1
5447.1
5447.1
5447.1
5447.1
5447.1
6484.3
6205.2
6046.4
6046.4
6046.4
6046.4
6046.4
6046.4
6046.4
6046.4
6046.4
6176.7
6099.1
6099.1
6099.1
6099.1
6099.1
6099.1
6099.1
6099.1
6099.1
6099.1
5743.6
15499
14128
10968
8484.8
8626.5
6666.7
5785.6
5340.2
4737.6
0.095124
0.095124
14220
14110
12135
10195
5164.7
6455.8
5800.8
5476
4919.9
4919.9
4919.9
14102
14193
12448
10945
6600.5
6581.4
4699
4887.3
4887.3
4887.3
4887.3
14225
13723
11623
10042
8028.6
5956.2
0.094909
0.094909
0.094909
0.094909
0.094909
12938
11632
10165
8729
7058.6
5791.7
5791.7
5791.7
5791.7
5791.7
5791.7
10714
9639.1
9245.8
8061.6
6987.5
6987.5
6987.5
6987.5
6987.5
6987.5
6987.5
9414.2
8422.9
7984.8
7073.2
7073.2
7073.2
7073.2
7073.2
7073.2
7073.2
7073.2
8059
7437.3
6998.6
6998.6
6998.6
6998.6
6998.6
6998.6
6998.6
6998.6
6998.6
7100.1
7196.3
7196.3
7196.3
7196.3
7196.3
7196.3
7196.3
7196.3
7196.3
7196.3
7067
15499
14126
12149
10341
8676
8626.5
7051
6328.5
5922
5519.7
5519.7
14215
14106
12766
11454
8920.1
4771.8
6829.2
6107
5755.4
5755.4
5755.4
14159
14160
13441
11946
11071
6156.7
6163.6
4705.7
4705.7
4705.7
4705.7
14172
14186
12757
11496
10158
8916.1
6490
6490
6490
6490
6490
14217
13698
11974
10595
9330.9
8017.4
8017.4
8017.4
8017.4
8017.4
8017.4
12938
11753
10612
9409.6
8267.3
8267.3
8267.3
8267.3
8267.3
8267.3
8267.3
10962
10788
9747.7
8989.1
8989.1
8989.1
8989.1
8989.1
8989.1
8989.1
8989.1
9688.9
9241
8265.6
8265.6
8265.6
8265.6
8265.6
8265.6
8265.6
8265.6
8265.6
9229.4
8236.8
8236.8
8236.8
8236.8
8236.8
8236.8
8236.8
8236.8
8236.8
8236.8
8041.6
15.093
0.12466
0.12474
0.12475
0.12508
0.12507
0.12474
0.12474
0.12474
0.12474
0.12474
7017.6
3726.1
1077.1
1778.6
2773.4
4007.4
8665.5
0.15114
0.13957
0.13957
0.13957
7021.2
5972.5
3726.5
0.11576
1051.5
1564.2
1774.5
1747.5
1747.5
1747.5
1747.5
7021.2
6325.1
5468.6
3733.7
94.799
0.11945
1082.3
1082.3
1082.3
1082.3
1082.3
7021.1
6458.4
5977
5358.9
3727.2
3065.5
3065.5
3065.5
3065.5
3065.5
3065.5
7017.6
6504
6190.5
5505.4
5275.9
5275.9
5275.9
5275.9
5275.9
5275.9
5275.9
7021.1
6527.9
6325.4
5977
5977
5977
5977
5977
5977
5977
5977
7017.6
6925.3
6417.6
6417.6
6417.6
6417.6
6417.6
6417.6
6417.6
6417.6
6417.6
7021.1
6980.4
6980.4
6980.4
6980.4
6980.4
6980.4
6980.4
6980.4
6980.4
6980.4
7021.1
17322
8245.3
4856.5
0.13979
0.12314
0.12433
0.12422
0.12417
0.12423
0.12495
0.12495
13306
8932.3
4854.5
2984.3
2546.7
2068.9
4809.1
5578.3
3594.7
3594.7
3594.7
8801.7
7160.3
5526
3279
1543.9
997.59
1079.2
1516.5
1516.5
1516.5
1516.5
7861.9
6947.3
5824.7
4927.9
3287.5
0.11579
1378.3
1378.3
1378.3
1378.3
1378.3
7454.3
6692.2
6279.2
5417.9
4829.8
3494.9
3494.9
3494.9
3494.9
3494.9
3494.9
7081.5
6714.2
6509.9
5559.8
5371.3
5371.3
5371.3
5371.3
5371.3
5371.3
5371.3
7036.2
6796.7
6511.4
6054.7
6054.7
6054.7
6054.7
6054.7
6054.7
6054.7
6054.7
7137.4
6956.9
6493.7
6493.7
6493.7
6493.7
6493.7
6493.7
6493.7
6493.7
6493.7
7178.5
7056.4
7056.4
7056.4
7056.4
7056.4
7056.4
7056.4
7056.4
7056.4
7056.4
7178.6
17318
13908
8211.1
6306.5
4831.1
4966.3
0.11571
0.12174
0.12314
0.12384
0.12384
15452
13365
8233.3
6968.9
5971.4
5306.6
5232.1
5884.7
5429.9
5429.9
5429.9
13306
10833
8933.4
7121.8
4853.6
3775.3
2813.5
2727.6
2727.6
2727.6
2727.6
10040
8786.2
7622.1
6463.9
5204.6
3774
2819.2
2819.2
2819.2
2819.2
2819.2
8894.7
8023.5
7159
6586.8
5526.3
4320.4
4320.4
4320.4
4320.4
4320.4
4320.4
8091.6
7833.2
7027.5
6740.7
5749.4
5749.4
5749.4
5749.4
5749.4
5749.4
5749.4
7860.1
7349.5
6947.5
6486.1
6486.1
6486.1
6486.1
6486.1
6486.1
6486.1
6486.1
7351
7361.4
6902
6902
6902
6902
6902
6902
6902
6902
6902
7454.3
7250.8
7250.8
7250.8
7250.8
7250.8
7250.8
7250.8
7250.8
7250.8
7250.8
7373.2
17319
15427
12160
8306.8
7066.8
6001.9
5025.4
5132.5
4909.8
0.13822
0.13822
15396
14565
11617
8429.9
7657.7
8383.3
7514.2
7901.8
7525.8
7525.8
7525.8
15193
13530
11997
9720.4
6750.4
6039.6
5221
4634
4634
4634
4634
13306
11309
9926.7
8893.3
7521.5
5238.5
4568.5
4568.5
4568.5
4568.5
4568.5
10931
9850.9
8917.6
7988
7344.2
6219.4
6219.4
6219.4
6219.4
6219.4
6219.4
9603.2
8904.8
8615
7471.9
7045.5
7045.5
7045.5
7045.5
7045.5
7045.5
7045.5
8801.1
8282.5
7858.3
7146.7
7146.7
7146.7
7146.7
7146.7
7146.7
7146.7
7146.7
8105.6
7988.5
7703.7
7703.7
7703.7
7703.7
7703.7
7703.7
7703.7
7703.7
7703.7
7824.5
7829.7
7829.7
7829.7
7829.7
7829.7
7829.7
7829.7
7829.7
7829.7
7829.7
7860.1
17319
15456
13900
11028
8312.4
7588.1
6305.4
4966.9
4822
4897.5
4897.5
15422
15432
13762
11761
8530.5
8154.6
9079.8
8605.3
8366.2
8366.2
8366.2
15452
14988
13365
12053
8237.2
7428.2
6969.7
6046.3
6046.3
6046.3
6046.3
14923
13491
12292
10853
9664.5
7495.7
6119.4
6119.4
6119.4
6119.4
6119.4
13306
12155
10877
9737.4
8934.6
8520.3
8520.3
8520.3
8520.3
8520.3
8520.3
11261
10796
9709.6
9064.6
8429.9
8429.9
8429.9
8429.9
8429.9
8429.9
8429.9
10074
9692.7
8785.1
8618.4
8618.4
8618.4
8618.4
8618.4
8618.4
8618.4
8618.4
9361.1
8801.2
8522.3
8522.3
8522.3
8522.3
8522.3
8522.3
8522.3
8522.3
8522.3
8895
8722.7
8722.7
8722.7
8722.7
8722.7
8722.7
8722.7
8722.7
8722.7
8722.7
8414.9
17319
15460
14312
12650
10017
8227.1
7518.5
6933.1
6138.1
4895.7
4895.7
15424
15436
14258
12821
10936
8556
8274.7
9126.5
8550.6
8550.6
8550.6
15396
15431
14085
13214
10071
8394.2
7757.6
7525.2
7525.2
7525.2
7525.2
15398
14907
13623
12727
11112
9723.4
7149.6
7149.6
7149.6
7149.6
7149.6
14677
13573
12329
11189
10643
9596
9596
9596
9596
9596
9596
13310
12235
11144
10970
9719.3
9719.3
9719.3
9719.3
9719.3
9719.3
9719.3
12194
10915
10078
9603.6
9603.6
9603.6
9603.6
9603.6
9603.6
9603.6
9603.6
10751
9923
9675.5
9675.5
9675.5
9675.5
9675.5
9675.5
9675.5
9675.5
9675.5
9930.2
9721.9
9721.9
9721.9
9721.9
9721.9
9721.9
9721.9
9721.9
9721.9
9721.9
8973.3
21.444
0.15617
0.15552
0.1555
0.15556
0.15551
0.15551
0.15551
0.15551
0.15551
0.15551
12158
5163.7
3826.6
4442.9
5354.4
5775.8
6785.3
8740.3
10365
10365
10365
12158
12158
5162.4
4954.1
3826.4
2956
4423.2
4866.3
4866.3
4866.3
4866.3
12161
12162
12153
5162.5
4998.5
4648.1
3808
3808
3808
3808
3808
12158
12164
12159
12144
5156.4
4687.7
4687.7
4687.7
4687.7
4687.7
4687.7
12158
12164
12162
12155
5282.3
5282.3
5282.3
5282.3
5282.3
5282.3
5282.3
12161
12163
12162
12159
12159
12159
12159
12159
12159
12159
12159
12158
12161
12162
12162
12162
12162
12162
12162
12162
12162
12162
12158
12164
12164
12164
12164
12164
12164
12164
12164
12164
12164
12158
19241
11323
9622.8
8914.7
4961.3
0.14146
0.13986
0.14099
0.14097
0.15397
0.15397
14071
9347.8
6544.3
5645.3
4432.1
4053.3
2302.4
5706.4
8968.6
8968.6
8968.6
11678
10669
6159.8
5512.4
4747.8
4198.4
2893.1
2686.1
2686.1
2686.1
2686.1
13491
12169
12148
5694.8
5388.3
4883.5
4515.6
4515.6
4515.6
4515.6
4515.6
12178
12168
12156
12143
5601
5263.9
5263.9
5263.9
5263.9
5263.9
5263.9
12171
12167
12162
12151
5379.7
5379.7
5379.7
5379.7
5379.7
5379.7
5379.7
12167
12166
12164
12159
12159
12159
12159
12159
12159
12159
12159
12165
12166
12164
12164
12164
12164
12164
12164
12164
12164
12164
12163
12166
12166
12166
12166
12166
12166
12166
12166
12166
12166
12159
19243
14798
11332
10697
9619.3
8775
8887.3
7603.2
4908
67.991
67.991
16742
14929
12459
9922.9
8603.3
8126.8
6804.7
6689.9
6293.3
6293.3
6293.3
14071
12864
9321.8
7855.4
6535
6331.1
5600.3
5157.6
5157.6
5157.6
5157.6
11895
11645
10589
7075.6
6561.3
5928.9
5232.3
5232.3
5232.3
5232.3
5232.3
11595
11153
10974
8713.7
6149.9
5734.3
5734.3
5734.3
5734.3
5734.3
5734.3
10899
13722
13114
12148
0.14945
0.14945
0.14945
0.14945
0.14945
0.14945
0.14945
13492
13114
12169
12157
12157
12157
12157
12157
12157
12157
12157
12188
12176
12166
12166
12166
12166
12166
12166
12166
12166
12166
12174
12171
12171
12171
12171
12171
12171
12171
12171
12171
12171
12170
19243
16721
11771
11339
10803
10086
9632
8958.7
8457
8890.2
8890.2
16667
15637
13656
12210
11736
10665
9611
9511.9
9051.7
9051.7
9051.7
16795
14960
13951
11230
9140.9
8324
7957.2
7043.5
7043.5
7043.5
7043.5
14154
13160
12695
9321.6
8624.1
7495.5
6535
6535
6535
6535
6535
12741
11894
11696
10701
7418.3
6940.6
6940.6
6940.6
6940.6
6940.6
6940.6
11728
11658
11392
10519
9403.3
9403.3
9403.3
9403.3
9403.3
9403.3
9403.3
11678
11376
10893
10973
10973
10973
10973
10973
10973
10973
10973
11234
10926
13654
13654
13654
13654
13654
13654
13654
13654
13654
12375
13739
13739
13739
13739
13739
13739
13739
13739
13739
13739
13490
19243
16673
14791
11145
11338
11341
10696
10024
9619.8
9163.5
9163.5
16633
16194
14874
12668
11864
11595
11432
11208
9645.9
9645.9
9645.9
16743
15867
14929
13486
12456
10593
9923.1
9035.4
9035.4
9035.4
9035.4
16167
15055
14014
12858
11224
9243.1
8456.7
8456.7
8456.7
8456.7
8456.7
14154
13749
12865
12457
9320.9
8515.8
8515.8
8515.8
8515.8
8515.8
8515.8
12912
12678
11986
11671
10883
10883
10883
10883
10883
10883
10883
11895
11777
11665
11470
11470
11470
11470
11470
11470
11470
11470
11703
11599
11540
11540
11540
11540
11540
11540
11540
11540
11540
11595
11459
11459
11459
11459
11459
11459
11459
11459
11459
11459
11353
19244
16677
15198
12599
11082
11350
11358
10722
10262
9983.8
9983.8
16646
16717
15310
14355
12080
11795
11577
11492
11329
11329
11329
16675
16477
15350
14959
12722
12285
11846
10735
10735
10735
10735
16834
15956
14911
14124
12325
11222
10537
10537
10537
10537
10537
15400
14969
13987
13836
10874
10929
10929
10929
10929
10929
10929
14071
13823
12980
12750
12008
12008
12008
12008
12008
12008
12008
12959
12814
12612
12181
12181
12181
12181
12181
12181
12181
12181
12680
12056
11764
11764
11764
11764
11764
11764
11764
11764
11764
11818
11722
11722
11722
11722
11722
11722
11722
11722
11722
11722
11696
28.172
0.20444
0.20527
0.20601
0.20639
0.19239
0.19271
0.193
0.19319
0.19325
0.19325
15249
6021
7028.2
5076.5
4722.5
4327.1
4817.7
5240.1
4987.3
4987.3
4987.3
15254
15241
6021.6
7099
7028.3
6656.7
5069
5015.8
5015.8
5015.8
5015.8
15256
15245
15237
5815.5
7142.7
7074.6
7026.3
7026.3
7026.3
7026.3
7026.3
15256
15247
15241
9800.7
5740.8
7177.4
7177.4
7177.4
7177.4
7177.4
7177.4
15257
15248
15243
15238
8449.9
8449.9
8449.9
8449.9
8449.9
8449.9
8449.9
15257
15249
15245
15241
15241
15241
15241
15241
15241
15241
15241
15258
15252
15248
15248
15248
15248
15248
15248
15248
15248
15248
15259
15253
15253
15253
15253
15253
15253
15253
15253
15253
15253
15258
21272
12667
11790
10282
8756.3
5894.7
5114.2
0.17328
0.17267
0.1742
0.1742
15822
11641
8448.4
7274.4
6437.3
6613.4
5437.8
5595.7
5534.7
5534.7
5534.7
15271
15246
8668.3
7577.2
6825
6487.2
6056.9
4742.5
4742.5
4742.5
4742.5
15259
15246
15236
7939.8
7780.8
7013.2
6852.9
6852.9
6852.9
6852.9
6852.9
15257
15248
15241
10184
7852.2
7897.2
7897.2
7897.2
7897.2
7897.2
7897.2
15257
15247
15243
15237
8704.2
8704.2
8704.2
8704.2
8704.2
8704.2
8704.2
15257
15249
15245
15240
15240
15240
15240
15240
15240
15240
15240
15258
15251
15247
15247
15247
15247
15247
15247
15247
15247
15247
15258
15253
15253
15253
15253
15253
15253
15253
15253
15253
15253
15258
21273
14759
12664
12491
11797
11128
10247
9835.2
8793.5
8324.5
8324.5
18334
16885
13303
10270
8745.8
9019
8412.1
8166.8
7045.7
7045.7
7045.7
15817
14799
11489
9568.5
8458.2
7783.3
7294.9
6838.4
6838.4
6838.4
6838.4
14778
16232
12727
9568.7
8610.6
8048.7
7330.9
7330.9
7330.9
7330.9
7330.9
15272
15255
15246
12131
8670.7
8284.8
8284.8
8284.8
8284.8
8284.8
8284.8
15261
15253
15246
15240
9142.2
9142.2
9142.2
9142.2
9142.2
9142.2
9142.2
15260
15253
15247
15241
15241
15241
15241
15241
15241
15241
15241
15260
15252
15248
15248
15248
15248
15248
15248
15248
15248
15248
15259
15253
15253
15253
15253
15253
15253
15253
15253
15253
15253
15259
21274
17275
12939
12654
12512
12225
11812
11265
10941
10253
10253
17909
17181
14956
12652
11222
9948.2
10516
9500.1
9384.3
9384.3
9384.3
17667
16533
15925
11843
10405
9449.3
8762.7
7930.9
7930.9
7930.9
7930.9
15816
15201
14659
11370
9921.9
9264.4
8461.9
8461.9
8461.9
8461.9
8461.9
14901
14555
16228
13706
9963.3
9033.6
9033.6
9033.6
9033.6
9033.6
9033.6
16390
16214
15256
15243
14613
14613
14613
14613
14613
14613
14613
15272
15261
15252
15246
15246
15246
15246
15246
15246
15246
15246
15264
15257
15251
15251
15251
15251
15251
15251
15251
15251
15251
15262
15256
15256
15256
15256
15256
15256
15256
15256
15256
15256
15261
21274
17964
14682
12453
12657
12649
12498
12156
11816
11391
11391
17894
17570
16007
14341
13402
12282
12009
11036
11090
11090
11090
18334
17524
17129
13937
13361
11033
10264
9453.1
9453.1
9453.1
9453.1
16961
16628
15791
14229
11680
10364
9668.6
9668.6
9668.6
9668.6
9668.6
15815
15613
14799
14940
11326
10053
10053
10053
10053
10053
10053
15084
14820
14152
16090
15852
15852
15852
15852
15852
15852
15852
14780
15337
16231
16010
16010
16010
16010
16010
16010
16010
16010
16355
16140
15261
15261
15261
15261
15261
15261
15261
15261
15261
15273
15264
15264
15264
15264
15264
15264
15264
15264
15264
15264
15266
21274
17942
16872
13426
12431
12655
12687
12569
12362
12099
12099
17909
18002
17022
14820
13810
13322
13187
12242
11978
11978
11978
17914
17610
16950
15558
13563
13304
11367
10594
10594
10594
10594
18403
16976
16726
16000
13889
11942
10960
10960
10960
10960
10960
16804
16022
15761
15772
14324
11552
11552
11552
11552
11552
11552
15814
15675
14943
14678
16962
16962
16962
16962
16962
16962
16962
15301
14896
14744
14042
14042
14042
14042
14042
14042
14042
14042
14847
14719
14170
14170
14170
14170
14170
14170
14170
14170
14170
14393
16306
16306
16306
16306
16306
16306
16306
16306
16306
16306
16230
15081
0.24369
0.24127
0.24127
0.24232
0.24127
0.24232
0.24232
0.24127
0.24127
0.24127
15974
15491
13418
12486
11955
8392.8
8318.7
8101.5
7694.1
7694.1
7694.1
15973
15876
15491
14975
13418
13081
12485
12102
12102
12102
12102
15974
15808
15734
15491
15198
14732
13418
13418
13418
13418
13418
15974
15875
15876
15654
15491
15285
15285
15285
15285
15285
15285
15973
15980
15864
15807
15657
15657
15657
15657
15657
15657
15657
15973
16081
15808
15876
15876
15876
15876
15876
15876
15876
15876
15974
16007
15837
15837
15837
15837
15837
15837
15837
15837
15837
15974
15921
15921
15921
15921
15921
15921
15921
15921
15921
15921
15974
23629
15637
12043
10321
8185.9
7394.8
6476.2
5153.7
0.24364
0.23053
0.23053
17286
15743
14809
12835
12138
9968.5
9381
8744.5
8582.4
8582.4
8582.4
16624
16099
15608
14818
13621
13453
13238
11805
11805
11805
11805
16488
16093
15770
15357
15261
14296
13878
13878
13878
13878
13878
16620
16058
15856
15706
15603
15264
15264
15264
15264
15264
15264
16217
16015
15918
15795
15713
15713
15713
15713
15713
15713
15713
15975
16130
16034
15911
15911
15911
15911
15911
15911
15911
15911
16092
16366
16244
16244
16244
16244
16244
16244
16244
16244
16244
16321
16417
16417
16417
16417
16417
16417
16417
16417
16417
16417
16469
23629
17640
15637
13562
12041
11482
10320
8542.9
8189.7
7717.1
7717.1
18811
17036
15347
14277
13099
12156
11537
11227
9103.8
9103.8
9103.8
17286
16334
15743
14777
14809
13318
12834
12356
12356
12356
12356
16079
16358
15782
15505
15006
14609
14413
14413
14413
14413
14413
16624
16092
16099
15949
15608
15161
15161
15161
15161
15161
15161
16319
16094
16129
15874
15525
15525
15525
15525
15525
15525
15525
16487
16360
16094
15890
15890
15890
15890
15890
15890
15890
15890
16591
16646
16076
16076
16076
16076
16076
16076
16076
16076
16076
16620
16008
16008
16008
16008
16008
16008
16008
16008
16008
16008
16162
23630
18385
16882
15637
14066
13067
12041
11664
11331
10320
10320
19310
18262
16881
15311
14182
13620
12708
11945
11901
11901
11901
18574
17023
16129
15358
14806
14261
13778
12549
12549
12549
12549
17245
16343
15931
15742
15251
14804
14809
14809
14809
14809
14809
16153
16140
16092
15817
15634
15046
15046
15046
15046
15046
15046
16303
16429
16238
15850
15733
15733
15733
15733
15733
15733
15733
16624
16250
16029
16099
16099
16099
16099
16099
16099
16099
16099
16350
16175
16046
16046
16046
16046
16046
16046
16046
16046
16046
16356
16211
16211
16211
16211
16211
16211
16211
16211
16211
16211
16488
23630
21359
17641
16731
15637
14547
13562
12916
12043
11761
11761
19279
18814
17927
16316
15384
14720
13971
13064
12616
12616
12616
18811
18144
17036
15954
15348
14653
14277
13862
13862
13862
13862
17706
17015
16364
15629
15368
15133
14487
14487
14487
14487
14487
17286
16546
16335
15837
15743
15567
15567
15567
15567
15567
15567
16042
16065
16054
16004
15909
15909
15909
15909
15909
15909
15909
16079
16368
16369
16214
16214
16214
16214
16214
16214
16214
16214
16371
16407
16505
16505
16505
16505
16505
16505
16505
16505
16505
16624
16210
16210
16210
16210
16210
16210
16210
16210
16210
16210
16389
23630
21566
17959
17283
16558
15637
14770
13799
13241
12738
12738
19277
19251
18158
17329
16437
15403
14916
14017
13645
13645
13645
19320
18948
17929
17029
15942
15418
14694
14245
14245
14245
14245
18556
17814
16974
16193
15979
15290
14975
14975
14975
14975
14975
17217
17026
16487
16245
15578
15463
15463
15463
15463
15463
15463
17245
16707
16225
15919
15836
15836
15836
15836
15836
15836
15836
15955
16017
16008
15982
15982
15982
15982
15982
15982
15982
15982
16171
16184
16254
16254
16254
16254
16254
16254
16254
16254
16254
16198
16378
16378
16378
16378
16378
16378
16378
16378
16378
16378
16392
20058
8778.3
8778.3
8778.3
8778.3
8778.3
8778.3
8778.3
8778.3
8778.3
8778.3
21531
20180
18353
17376
17196
16577
13381
13394
13228
13228
13228
21531
20677
20180
19480
18353
17709
17376
17296
17296
17296
17296
21531
20890
20462
20180
19731
19261
18353
18353
18353
18353
18353
21531
21085
20677
20335
20180
19858
19858
19858
19858
19858
19858
21531
21243
20789
20585
20284
20284
20284
20284
20284
20284
20284
21531
21379
20890
20677
20677
20677
20677
20677
20677
20677
20677
21531
21452
20988
20988
20988
20988
20988
20988
20988
20988
20988
21531
21519
21519
21519
21519
21519
21519
21519
21519
21519
21519
21531
25925
17812
14809
13370
11388
10571
10042
11189
11418
10872
10872
20133
19530
18792
17735
16440
16035
14766
14264
13875
13875
13875
20805
20677
19856
19418
18628
18081
17726
17521
17521
17521
17521
21436
20959
20509
20088
19700
19096
18551
18551
18551
18551
18551
21395
20991
20763
20347
19980
19782
19782
19782
19782
19782
19782
21549
21326
20888
20665
20123
20123
20123
20123
20123
20123
20123
21604
21470
21184
20892
20892
20892
20892
20892
20892
20892
20892
21570
21514
21378
21378
21378
21378
21378
21378
21378
21378
21378
21556
21538
21538
21538
21538
21538
21538
21538
21538
21538
21538
21553
25925
19531
17812
16146
14808
13888
13370
12387
11388
10875
10875
20649
19651
18659
17847
16491
16024
15861
15408
14880
14880
14880
20133
19759
19529
18962
18792
18389
17735
17275
17275
17275
17275
20313
20297
20322
19759
19377
19227
18730
18730
18730
18730
18730
20804
20967
20677
20193
19856
19799
19799
19799
19799
19799
19799
21149
21289
20933
20457
20120
20120
20120
20120
20120
20120
20120
21436
21177
20959
20789
20789
20789
20789
20789
20789
20789
20789
21358
21136
20884
20884
20884
20884
20884
20884
20884
20884
20884
21395
21257
21257
21257
21257
21257
21257
21257
21257
21257
21257
21477
25925
20400
18991
17812
16462
15555
14808
14066
13543
13370
13370
20622
20216
19202
18116
17411
17017
15829
15430
15420
15420
15420
20198
19930
19469
19097
18577
18328
17872
16900
16900
16900
16900
20133
20221
19942
19529
19278
18824
18792
18792
18792
18792
18792
20150
20177
20187
20144
19959
19310
19310
19310
19310
19310
19310
20524
20640
20612
20534
20226
20226
20226
20226
20226
20226
20226
20804
20969
20864
20677
20677
20677
20677
20677
20677
20677
20677
20952
21191
21241
21241
21241
21241
21241
21241
21241
21241
21241
21314
21368
21368
21368
21368
21368
21368
21368
21368
21368
21368
21436
25925
23489
19531
18837
17812
16623
16146
15403
14809
14176
14176
20401
20544
19962
18667
18052
17650
16809
16237
15437
15437
15437
20649
20269
19651
19145
18659
17881
17847
17562
17562
17562
17562
20240
20062
19809
19586
19159
18883
18632
18632
18632
18632
18632
20133
20324
19759
19731
19530
19369
19369
19369
19369
19369
19369
20329
20121
20103
20148
20119
20119
20119
20119
20119
20119
20119
20312
20307
20297
20311
20311
20311
20311
20311
20311
20311
20311
20707
20740
20804
20804
20804
20804
20804
20804
20804
20804
20804
20804
20914
20914
20914
20914
20914
20914
20914
20914
20914
20914
20856
25925
23908
20159
19103
18656
17812
17122
16383
15669
15319
15319
20386
20640
20004
19353
18645
17932
17552
16902
16253
16253
16253
21031
20668
20040
19326
18971
18286
18088
17465
17465
17465
17465
20479
20092
19905
19566
19232
19003
18410
18410
18410
18410
18410
20228
19995
19885
19824
19794
19051
19051
19051
19051
19051
19051
20133
20308
20020
20035
19688
19688
19688
19688
19688
19688
19688
20291
20122
20049
20084
20084
20084
20084
20084
20084
20084
20084
20179
20274
20172
20172
20172
20172
20172
20172
20172
20172
20172
20389
20501
20501
20501
20501
20501
20501
20501
20501
20501
20501
20806
23300
13570
13570
13570
13570
13570
13570
13570
13570
13570
13570
26740
25340
23839
21639
19559
19056
18644
19065
19140
19140
19140
26740
26151
25340
24533
23839
21919
21639
20344
20344
20344
20344
26740
26531
25717
25340
24918
24002
23839
23839
23839
23839
23839
26740
26700
26151
25527
25340
25060
25060
25060
25060
25060
25060
26740
26715
26426
25886
25464
25464
25464
25464
25464
25464
25464
26740
26715
26531
26151
26151
26151
26151
26151
26151
26151
26151
26740
26734
26610
26610
26610
26610
26610
26610
26610
26610
26610
26740
26728
26728
26728
26728
26728
26728
26728
26728
26728
26728
26740
28319
19656
16754
15402
14721
16668
15104
13527
13162
12280
12280
27407
26707
24323
22451
22645
19157
18324
18869
18608
18608
18608
27490
27470
27432
26295
24451
22498
20676
19780
19780
19780
19780
26837
26332
25902
25363
24832
24399
23931
23931
23931
23931
23931
26469
26297
26094
25872
25311
24828
24828
24828
24828
24828
24828
26495
26372
26203
25954
25791
25791
25791
25791
25791
25791
25791
26545
26449
26319
26086
26086
26086
26086
26086
26086
26086
26086
26574
26498
26389
26389
26389
26389
26389
26389
26389
26389
26389
26592
26537
26537
26537
26537
26537
26537
26537
26537
26537
26537
26605
28319
22182
19656
18753
16753
15326
15402
15067
14721
15785
15785
23698
26351
22996
22128
21431
21202
20441
18293
17780
17780
17780
27407
27008
26707
26575
24322
22593
22452
22786
22786
22786
22786
27484
27485
27477
27449
27265
25797
24486
24486
24486
24486
24486
27490
27487
27470
27450
27432
27403
27403
27403
27403
27403
27403
27487
27488
26739
25951
25584
25584
25584
25584
25584
25584
25584
26837
26731
26332
26135
26135
26135
26135
26135
26135
26135
26135
26594
26435
26317
26317
26317
26317
26317
26317
26317
26317
26317
26469
26398
26398
26398
26398
26398
26398
26398
26398
26398
26398
26472
28319
24768
21550
19656
19073
17726
16753
16289
15344
15402
15402
22926
25315
22647
22030
21237
20769
20290
18414
18741
18741
18741
27259
26937
24857
24833
23700
23169
22722
21967
21967
21967
21967
27407
27488
26872
26707
26638
25049
24322
24322
24322
24322
24322
27488
27480
27478
27466
27364
27186
27186
27186
27186
27186
27186
27485
27489
27483
27477
27467
27467
27467
27467
27467
27467
27467
27490
27491
27484
27470
27470
27470
27470
27470
27470
27470
27470
27491
27486
27478
27478
27478
27478
27478
27478
27478
27478
27478
27487
26959
26959
26959
26959
26959
26959
26959
26959
26959
26959
26837
28319
26515
22182
21272
19656
19283
18753
17788
16754
16372
16372
21804
24318
22556
22008
21626
20710
20573
19902
19544
19544
19544
23698
26747
26351
23236
22996
22238
22128
22035
22035
22035
22035
26500
27225
26131
25657
25565
25473
23891
23891
23891
23891
23891
27407
27484
27009
26835
26707
26654
26654
26654
26654
26654
26654
27504
27483
27477
27468
27343
27343
27343
27343
27343
27343
27343
27484
27484
27485
27479
27479
27479
27479
27479
27479
27479
27479
27486
27489
27489
27489
27489
27489
27489
27489
27489
27489
27489
27490
27491
27491
27491
27491
27491
27491
27491
27491
27491
27491
27491
28319
27181
24022
21822
21050
19656
19340
18727
18450
17823
17823
21791
23135
22705
22252
21783
21289
20286
20454
19551
19551
19551
23359
25921
26032
25268
22659
22350
22181
21561
21561
21561
21561
26791
27285
24387
23873
23975
24081
23467
23467
23467
23467
23467
26915
27252
27416
26112
25981
25918
25918
25918
25918
25918
25918
27407
27477
27485
26917
26817
26817
26817
26817
26817
26817
26817
27504
27487
27475
27470
27470
27470
27470
27470
27470
27470
27470
27487
27484
27483
27483
27483
27483
27483
27483
27483
27483
27483
27484
27485
27485
27485
27485
27485
27485
27485
27485
27485
27485
27487
29957
22384
22384
22384
22384
22384
22384
22384
22384
22384
22384
32683
32666
31815
30826
29970
29380
28378
28211
28004
28004
28004
32683
32677
32666
32625
31814
31326
30826
30144
30144
30144
30144
32683
32681
32672
32666
32658
32243
31814
31814
31814
31814
31814
32683
32682
32677
32671
32666
32661
32661
32661
32661
32661
32661
32683
32682
32680
32674
32670
32670
32670
32670
32670
32670
32670
32683
32682
32681
32677
32677
32677
32677
32677
32677
32677
32677
32683
32682
32681
32681
32681
32681
32681
32681
32681
32681
32681
32683
32682
32682
32682
32682
32682
32682
32682
32682
32682
32682
32683
32685
26264
25918
26138
26350
26891
26942
26976
26982
26981
26981
32648
32540
31842
31174
30003
29649
28521
28280
28116
28116
28116
32678
32678
32667
32644
31877
31498
30835
30549
30549
30549
30549
32684
32680
32674
32668
32659
32293
31842
31842
31842
31842
31842
32685
32682
32677
32672
32668
32662
32662
32662
32662
32662
32662
32685
32683
32679
32675
32672
32672
32672
32672
32672
32672
32672
32685
32684
32681
32677
32677
32677
32677
32677
32677
32677
32677
32685
32684
32682
32682
32682
32682
32682
32682
32682
32682
32682
32685
32684
32684
32684
32684
32684
32684
32684
32684
32684
32684
32684
32685
26222
26264
25850
25917
25427
26138
25466
26350
26861
26861
29156
31364
31282
30466
29712
29180
28407
28791
28161
28161
28161
32648
32653
32540
32505
31842
31319
31174
30711
30711
30711
30711
32675
32677
32673
32664
32651
32464
31925
31925
31925
31925
31925
32678
32679
32678
32673
32667
32661
32661
32661
32661
32661
32661
32681
32681
32679
32675
32672
32672
32672
32672
32672
32672
32672
32684
32683
32680
32677
32677
32677
32677
32677
32677
32677
32677
32685
32684
32681
32681
32681
32681
32681
32681
32681
32681
32681
32685
32685
32685
32685
32685
32685
32685
32685
32685
32685
32685
32685
32685
29378
26327
26264
25265
26200
25917
25471
25855
26138
26138
28109
28659
29792
29912
29178
28820
28301
27938
27690
27690
27690
32106
32553
31891
31884
31726
31128
30659
30309
30309
30309
30309
32648
32673
32607
32540
32518
32115
31842
31842
31842
31842
31842
32676
32675
32674
32670
32661
32647
32647
32647
32647
32647
32647
32675
32677
32677
32675
32671
32671
32671
32671
32671
32671
32671
32678
32679
32679
32678
32678
32678
32678
32678
32678
32678
32678
32680
32681
32681
32681
32681
32681
32681
32681
32681
32681
32681
32682
32682
32682
32682
32682
32682
32682
32682
32682
32682
32682
32684
32685
31228
26222
26229
26264
26173
25850
26170
25917
25486
25486
28473
27544
28373
28667
28708
28003
27519
28250
28254
28254
28254
29156
31944
31364
31192
31282
30878
30466
30104
30104
30104
30104
32389
32604
32283
32153
32134
32135
31589
31589
31589
31589
31589
32648
32670
32653
32577
32540
32522
32522
32522
32522
32522
32522
32676
32675
32674
32672
32665
32665
32665
32665
32665
32665
32665
32675
32676
32677
32676
32676
32676
32676
32676
32676
32676
32676
32676
32677
32678
32678
32678
32678
32678
32678
32678
32678
32678
32678
32679
32679
32679
32679
32679
32679
32679
32679
32679
32679
32680
32685
31618
26889
26134
26132
26264
26310
25249
26213
26005
26005
28620
26777
27595
28064
28332
28313
28313
28012
28169
28169
28169
28527
30615
30400
30446
30627
30562
30136
29785
29785
29785
29785
31582
32250
31949
31542
31676
31724
31614
31614
31614
31614
31614
32485
32615
32625
32311
32266
32254
32254
32254
32254
32254
32254
32648
32665
32669
32629
32567
32567
32567
32567
32567
32567
32567
32677
32675
32674
32672
32672
32672
32672
32672
32672
32672
32672
32675
32675
32675
32675
32675
32675
32675
32675
32675
32675
32675
32675
32676
32676
32676
32676
32676
32676
32676
32676
32676
32676
32676
38462
38462
38462
38462
38462
38462
38462
38462
38462
38462
38462
38462
38462
38462
38462
38462
38462
38462
38462
38462
38462
38462
38462
38462
38462
38462
38462
38462
38462
38462
38462
38462
38462
38462
38462
38462
38462
38462
38462
38462
38462
38462
38462
38462
38462
38462
38462
38462
38462
38462
38462
38462
38462
38462
38462
38462
38462
38462
38462
38462
38462
38462
38462
38462
38462
38462
38462
38462
38462
38462
38462
38462
38462
38462
38462
38462
38462
38462
38462
38462
38462
38462
38462
38462
38462
38462
38462
38462
38462
38462
38462
38462
38462
38462
38462
38462
38462
38462
38462
38462
38462
38462
38462
38462
38462
38462
38462
38462
38462
38462
38462
38462
38462
38462
38462
38462
38462
38462
38462
38462
38462
38462
38462
38462
38462
38462
38462
38462
38462
38462
38462
38462
38462
38462
38462
38462
38462
38462
38462
38462
38462
38462
38462
38462
38462
38462
38462
38462
38462
38462
38462
38462
38462
38462
38462
38462
38462
38462
38462
38462
38462
38462
38462
38462
38462
38462
38462
38462
38462
38462
38462
38462
38462
38462
38462
38462
38462
38462
38462
38462
38462
38462
38462
38462
38462
38462
38462
38462
38462
38462
38462
38462
38462
38462
38462
38462
38462
38462
38462
38462
38462
38462
38462
38462
38462
38462
38462
38462
38462
38462
38462
38462
38462
38462
38462
38462
38462
38462
38462
38462
38462
38462
38462
38462
38462
38462
38462
38462
38462
38462
38462
38462
38462
38462
38462
38462
38462
38462
38462
38462
38462
38462
38462
38462
38462
38462
38462
38462
38462
38462
38462
38462
38462
38462
38462
38462
38462
38462
38462
38462
38462
38462
38462
38462
38462
38462
38462
38462
38462
38462
38462
38462
38462
38462
38462
38462
38462
38462
38462
38462
38462
38462
38462
38462
38462
38462
38462
38462
38462
38462
38462
38462
38462
38462
38462
38462
38462
38462
38462
38462
38462
38462
38462
38462
38462
38462
38462
38462
38462
38462
38462
38462
38462
38462
38462
38462
38462
38462
38462
38462
38462
38462
38462
38462
38462
38462
38462
38462
38462
38462
38462
38462
38462
38462
38462
38462
38462
38462
38462
38462
38462
38462
38462
38462
38462
38462
38462
38462
38462
38462
38462
38462
38462
38462
38462
38462
38462
38462
38462
38462
38462
38462
38462
38462
38462
38462
38462
38462
38462
38462
38462
38462
38462
38462
38462
38462
38462
38462
38462
38462
38462
38462
38462
38462
38462
38462
38462
38462
38462
38462
38462
38462
38462
38462
38462
38462
38462
38462
38462
38462
38462
38462
38462
38462
38462
38462
38462
38462
38462
38462
38462
38462
38462
38462
38462
38462
38462
38462
38462
38462
38462
38462
38462
38462
38462
38462
38462
38462
38462
38462
38462
38462
38462
38462
38462
38462
38462
38462
38462
38462
38462
38462
38462
38462
38462
38462
38462
38462
38462
38462
38462
38462
38462
38462
38462
38462
38462
38462
38462
38462
38462
38462
38462
38462
38462
38462
38462
38462
38462
38462
38462
38462
38462
38462
38462
38462
38462
38462
38462
38462
38462
38462
38462
38462
38462
38462
38462
38462
38462
38462
38462
38462
38462
38462
38462
38462
38462
38462
38462
38462
38462
38462
38462
38462
38462
38462
38462
38462
38462
38462
38462
38462
38462
38462
38462
38462
38462
38462
38462
38462
38462
38462
38462
38462
38462
38462
38462
38462
38462
38462
38462
38462
38462
38462
38462
38462
38462
38462
38462
38462
38462
38462
38462
38462
38462
38462
38462
38462
38462
38462
38462
38462
38462
38462
38462
38462
38462
38462
38462
38462
38462
38462
38462
38462
38462
38462
38462
38462
38462
38462
38462
38462
38462
38462
38462
38462
38462
38462
38462
38462
38462
38462
38462
38462
38462
38462
38462
38462
38462
38462
38462
38462
38462
38462
38462
38462
38462
38462
38462
38462
